Teta = 0 
simi thres, No hyperboxes Short simi, Training time Short simi, Testing error Short simi, No hyperboxes Long simi, Training time Long simi, Testing error Long simi,                                 No hyperboxes Mid max simi, Training time Mid max simi, Testing error Mid max simi,                                No hyperboxes Mid min simi, Training time Mid min simi, Testing error Mid min simi 
0.020000, 25.000000, 1.176082, 0.000000, 25.000000, 1.162472, 0.000000, 25.000000, 165.162211, 0.001647, 23.000000, 161.599363, 0.000000
0.040000, 25.000000, 1.169266, 0.000000, 25.000000, 1.164588, 0.000000, 25.000000, 159.251025, 0.001647, 23.000000, 164.564422, 0.000000
0.060000, 25.000000, 1.166605, 0.000000, 25.000000, 1.161950, 0.000000, 25.000000, 157.212633, 0.001647, 23.000000, 161.584156, 0.000000
0.080000, 25.000000, 1.159805, 0.000000, 25.000000, 1.159458, 0.000000, 25.000000, 156.223568, 0.001647, 23.000000, 164.714244, 0.000000
0.100000, 25.000000, 1.162903, 0.000000, 25.000000, 1.157783, 0.000000, 25.000000, 156.791597, 0.001647, 23.000000, 165.288829, 0.000000
0.120000, 25.000000, 1.159717, 0.000000, 25.000000, 1.163273, 0.000000, 25.000000, 157.263027, 0.001647, 23.000000, 168.567967, 0.000000
0.140000, 25.000000, 1.157423, 0.000000, 25.000000, 1.160932, 0.000000, 25.000000, 157.499452, 0.001647, 23.000000, 166.749199, 0.000000
0.160000, 25.000000, 1.161696, 0.000000, 25.000000, 1.159713, 0.000000, 25.000000, 156.927285, 0.001647, 23.000000, 168.474964, 0.000000
0.180000, 25.000000, 1.160348, 0.000000, 25.000000, 1.159650, 0.000000, 25.000000, 157.355145, 0.001647, 23.000000, 173.310096, 0.000000
0.200000, 25.000000, 1.160288, 0.000000, 25.000000, 1.160224, 0.000000, 25.000000, 157.051013, 0.001647, 23.000000, 178.450186, 0.000000
0.220000, 25.000000, 1.159344, 0.000000, 25.000000, 1.158893, 0.000000, 25.000000, 157.023487, 0.001647, 23.000000, 172.159985, 0.000000
0.240000, 25.000000, 1.157691, 0.000000, 25.000000, 1.158109, 0.000000, 25.000000, 158.119320, 0.001647, 23.000000, 166.914265, 0.000000
0.260000, 25.000000, 1.159905, 0.000000, 25.000000, 1.157555, 0.000000, 25.000000, 156.636317, 0.001647, 23.000000, 167.027416, 0.000000
0.280000, 25.000000, 1.157579, 0.000000, 25.000000, 1.158536, 0.000000, 25.000000, 156.706717, 0.001647, 23.000000, 166.060297, 0.000000
0.300000, 25.000000, 1.157644, 0.000000, 25.000000, 1.159106, 0.000000, 25.000000, 157.035478, 0.001647, 23.000000, 169.984832, 0.000000
0.320000, 25.000000, 1.158169, 0.000000, 25.000000, 1.157708, 0.000000, 25.000000, 162.965955, 0.001647, 23.000000, 174.325514, 0.000000
0.340000, 25.000000, 1.157602, 0.000000, 25.000000, 1.157939, 0.000000, 25.000000, 163.952277, 0.001647, 23.000000, 178.065351, 0.000000
0.360000, 25.000000, 1.157491, 0.000000, 25.000000, 1.155804, 0.000000, 25.000000, 164.382335, 0.001647, 23.000000, 172.894700, 0.000000
0.380000, 25.000000, 1.157101, 0.000000, 25.000000, 1.153130, 0.000000, 25.000000, 165.386343, 0.001647, 23.000000, 173.491487, 0.000000
0.400000, 25.000000, 1.159952, 0.000000, 25.000000, 1.155171, 0.000000, 25.000000, 166.222911, 0.001647, 23.000000, 163.851620, 0.000000
0.420000, 25.000000, 1.157759, 0.000000, 25.000000, 1.154386, 0.000000, 25.000000, 164.362930, 0.001647, 23.000000, 163.851803, 0.000000
0.440000, 25.000000, 1.161928, 0.000000, 25.000000, 1.157513, 0.000000, 25.000000, 170.840930, 0.001647, 23.000000, 165.164070, 0.000000
0.460000, 25.000000, 1.156143, 0.000000, 25.000000, 1.150580, 0.000000, 25.000000, 168.014488, 0.001647, 23.000000, 163.855441, 0.000000
0.480000, 25.000000, 1.160649, 0.000000, 25.000000, 1.150390, 0.000000, 25.000000, 169.286176, 0.001647, 23.000000, 163.611961, 0.000000
0.500000, 25.000000, 1.158983, 0.000000, 25.000000, 1.148013, 0.000000, 25.000000, 168.877024, 0.001647, 23.000000, 165.126761, 0.000000
0.520000, 25.000000, 1.158029, 0.000000, 25.000000, 1.144797, 0.000000, 25.000000, 163.493753, 0.001647, 23.000000, 166.152755, 0.000000
0.540000, 25.000000, 1.151156, 0.000000, 25.000000, 1.147680, 0.000000, 25.000000, 165.856140, 0.001647, 23.000000, 162.760808, 0.000000
0.560000, 25.000000, 1.152665, 0.000000, 25.000000, 1.140441, 0.000000, 25.000000, 164.800596, 0.001647, 23.000000, 165.389189, 0.000000
0.580000, 25.000000, 1.149563, 0.000000, 25.000000, 1.140668, 0.000000, 25.000000, 166.607220, 0.001647, 23.000000, 168.829142, 0.000000
0.600000, 25.000000, 1.147255, 0.000000, 25.000000, 1.140663, 0.000000, 25.000000, 167.671595, 0.001647, 23.000000, 169.289182, 0.000000
0.620000, 25.000000, 1.144395, 0.000000, 25.000000, 1.143270, 0.000000, 25.000000, 166.676322, 0.001647, 23.000000, 167.655954, 0.000000
0.640000, 25.000000, 1.145629, 0.000000, 25.000000, 1.136393, 0.000000, 25.000000, 166.644760, 0.001647, 23.000000, 160.608926, 0.000000
0.660000, 25.000000, 1.140342, 0.000000, 26.000000, 1.133403, 0.000000, 25.000000, 157.710939, 0.001647, 23.000000, 160.617751, 0.000000
0.680000, 25.000000, 1.141431, 0.000000, 26.000000, 1.132947, 0.000000, 25.000000, 164.460789, 0.001647, 23.000000, 170.192250, 0.000000
0.700000, 25.000000, 1.135809, 0.000000, 27.000000, 1.131263, 0.000000, 25.000000, 159.745001, 0.001647, 23.000000, 165.246638, 0.000000
0.720000, 25.000000, 1.143303, 0.000000, 28.000000, 1.129826, 0.000000, 25.000000, 163.633208, 0.001647, 23.000000, 160.911958, 0.000000
0.740000, 25.000000, 1.136726, 0.000000, 33.000000, 1.129002, 0.000000, 25.000000, 162.157641, 0.001647, 23.000000, 161.062158, 0.000000
0.760000, 25.000000, 1.135974, 0.000000, 34.000000, 1.130592, 0.000000, 25.000000, 159.794368, 0.001647, 23.000000, 161.392136, 0.000000
0.780000, 25.000000, 1.137586, 0.000000, 36.000000, 1.124431, 0.000000, 25.000000, 160.550575, 0.001647, 23.000000, 160.810863, 0.000000
0.800000, 25.000000, 1.130087, 0.000000, 39.000000, 1.118518, 0.000000, 25.000000, 165.349463, 0.001647, 24.000000, 161.218797, 0.000000
0.820000, 25.000000, 1.128871, 0.000000, 40.000000, 1.119577, 0.000000, 25.000000, 161.872991, 0.001647, 25.000000, 161.302957, 0.000000
0.840000, 25.000000, 1.126626, 0.000000, 45.000000, 1.116231, 0.000000, 25.000000, 162.048753, 0.001647, 27.000000, 161.070679, 0.000000
0.860000, 25.000000, 1.124521, 0.000000, 60.000000, 1.116160, 0.000000, 25.000000, 162.978249, 0.001647, 29.000000, 160.575332, 0.000000
0.880000, 25.000000, 1.122592, 0.000000, 67.000000, 1.111711, 0.000000, 27.000000, 162.513028, 0.001647, 34.000000, 161.150000, 0.000000
0.900000, 25.000000, 1.118455, 0.000000, 99.000000, 1.106306, 0.000000, 30.000000, 166.927761, 0.001647, 39.000000, 161.049312, 0.000000
0.920000, 25.000000, 1.117883, 0.000000, 144.000000, 1.104085, 0.000000, 36.000000, 165.689308, 0.001647, 49.000000, 160.564859, 0.000000
0.940000, 25.000000, 1.116464, 0.000000, 216.000000, 1.108640, 0.000000, 45.000000, 168.105860, 0.000000, 80.000000, 161.821534, 0.000000
0.960000, 25.000000, 1.116208, 0.000000, 368.000000, 1.104145, 0.000000, 72.000000, 161.964501, 0.000000, 182.000000, 163.983849, 0.000000
0.980000, 23.000000, 1.116224, 0.000000, 773.000000, 1.103765, 0.000000, 227.000000, 177.579530, 0.000000, 570.000000, 201.512431, 0.000000
