Teta = 0 
simi thres, No hyperboxes Short simi, Training time Short simi, Testing error Short simi, No hyperboxes Long simi, Training time Long simi, Testing error Long simi,                                 No hyperboxes Mid max simi, Training time Mid max simi, Testing error Mid max simi,                                No hyperboxes Mid min simi, Training time Mid min simi, Testing error Mid min simi 
0.020000, 58.000000, 0.678251, 0.053097, 63.000000, 1.095056, 0.070796, 57.000000, 6.669514, 0.053097, 60.000000, 8.202915, 0.053097
0.040000, 58.000000, 0.651880, 0.053097, 63.000000, 1.061870, 0.070796, 57.000000, 6.639349, 0.053097, 60.000000, 7.488706, 0.053097
0.060000, 58.000000, 0.635814, 0.053097, 63.000000, 1.030272, 0.070796, 57.000000, 6.626924, 0.053097, 60.000000, 7.388596, 0.053097
0.080000, 58.000000, 0.623745, 0.053097, 63.000000, 0.983585, 0.070796, 57.000000, 6.536319, 0.053097, 60.000000, 7.556335, 0.053097
0.100000, 58.000000, 0.610610, 0.053097, 63.000000, 0.951996, 0.070796, 57.000000, 6.535036, 0.053097, 60.000000, 7.443281, 0.053097
0.120000, 58.000000, 0.605371, 0.053097, 63.000000, 0.928601, 0.070796, 57.000000, 6.519440, 0.053097, 60.000000, 7.387271, 0.053097
0.140000, 58.000000, 0.589338, 0.053097, 63.000000, 0.898010, 0.070796, 57.000000, 6.761386, 0.053097, 60.000000, 7.307573, 0.053097
0.160000, 58.000000, 0.576108, 0.053097, 63.000000, 0.869596, 0.070796, 57.000000, 6.556491, 0.053097, 60.000000, 7.927593, 0.053097
0.180000, 58.000000, 0.556402, 0.053097, 63.000000, 0.845046, 0.070796, 57.000000, 6.531969, 0.053097, 60.000000, 8.094698, 0.053097
0.200000, 58.000000, 0.560321, 0.053097, 63.000000, 0.826819, 0.070796, 57.000000, 6.559506, 0.053097, 60.000000, 7.539901, 0.053097
0.220000, 58.000000, 0.546051, 0.053097, 63.000000, 0.791281, 0.070796, 57.000000, 6.544305, 0.053097, 60.000000, 7.174521, 0.053097
0.240000, 58.000000, 0.530600, 0.053097, 63.000000, 0.761402, 0.070796, 57.000000, 6.436708, 0.053097, 60.000000, 7.127515, 0.053097
0.260000, 58.000000, 0.522501, 0.053097, 63.000000, 0.721315, 0.070796, 57.000000, 6.467164, 0.053097, 60.000000, 7.114156, 0.053097
0.280000, 58.000000, 0.511107, 0.053097, 63.000000, 0.687786, 0.070796, 57.000000, 6.507440, 0.053097, 60.000000, 7.193415, 0.053097
0.300000, 58.000000, 0.515533, 0.053097, 63.000000, 0.657085, 0.070796, 57.000000, 6.537470, 0.053097, 60.000000, 7.426799, 0.053097
0.320000, 58.000000, 0.505952, 0.053097, 63.000000, 0.612751, 0.070796, 57.000000, 6.510796, 0.053097, 60.000000, 7.485604, 0.053097
0.340000, 58.000000, 0.496675, 0.053097, 63.000000, 0.579370, 0.070796, 57.000000, 6.536776, 0.053097, 60.000000, 7.344860, 0.053097
0.360000, 58.000000, 0.481416, 0.053097, 63.000000, 0.533382, 0.070796, 57.000000, 6.438374, 0.053097, 60.000000, 7.411395, 0.053097
0.380000, 58.000000, 0.483294, 0.053097, 63.000000, 0.501342, 0.070796, 57.000000, 6.557937, 0.053097, 60.000000, 7.033805, 0.053097
0.400000, 58.000000, 0.472648, 0.053097, 63.000000, 0.471793, 0.070796, 57.000000, 6.451485, 0.053097, 60.000000, 7.013691, 0.053097
0.420000, 58.000000, 0.471184, 0.053097, 63.000000, 0.436095, 0.070796, 57.000000, 6.446579, 0.053097, 60.000000, 7.035282, 0.053097
0.440000, 58.000000, 0.468831, 0.053097, 63.000000, 0.408365, 0.070796, 57.000000, 6.449712, 0.053097, 60.000000, 7.224643, 0.053097
0.460000, 58.000000, 0.458568, 0.053097, 63.000000, 0.374804, 0.070796, 57.000000, 6.461070, 0.053097, 60.000000, 7.224196, 0.053097
0.480000, 58.000000, 0.457583, 0.053097, 63.000000, 0.344373, 0.070796, 57.000000, 6.390584, 0.053097, 60.000000, 7.276032, 0.053097
0.500000, 58.000000, 0.449291, 0.053097, 63.000000, 0.307714, 0.070796, 57.000000, 6.402075, 0.053097, 60.000000, 7.083261, 0.053097
0.520000, 58.000000, 0.445641, 0.053097, 63.000000, 0.281214, 0.070796, 57.000000, 6.355814, 0.053097, 60.000000, 7.272965, 0.053097
0.540000, 58.000000, 0.451749, 0.053097, 63.000000, 0.258802, 0.070796, 57.000000, 6.363487, 0.053097, 60.000000, 7.227592, 0.053097
0.560000, 58.000000, 0.441217, 0.053097, 63.000000, 0.243669, 0.070796, 57.000000, 6.364685, 0.053097, 60.000000, 7.102243, 0.053097
0.580000, 58.000000, 0.434549, 0.053097, 63.000000, 0.231930, 0.070796, 57.000000, 6.358222, 0.053097, 60.000000, 7.140288, 0.053097
0.600000, 58.000000, 0.424863, 0.053097, 63.000000, 0.220093, 0.070796, 57.000000, 6.364349, 0.053097, 60.000000, 6.916619, 0.053097
0.620000, 58.000000, 0.541456, 0.053097, 68.000000, 0.216988, 0.070796, 57.000000, 6.323670, 0.053097, 61.000000, 6.948045, 0.053097
0.640000, 57.000000, 0.496787, 0.053097, 74.000000, 0.215609, 0.061947, 57.000000, 6.712967, 0.053097, 61.000000, 7.117984, 0.061947
0.660000, 57.000000, 0.493364, 0.053097, 83.000000, 0.221588, 0.053097, 57.000000, 6.592890, 0.053097, 65.000000, 8.541052, 0.061947
0.680000, 59.000000, 0.466704, 0.053097, 94.000000, 0.222175, 0.061947, 58.000000, 6.603235, 0.053097, 68.000000, 8.231447, 0.053097
0.700000, 61.000000, 0.439591, 0.053097, 107.000000, 0.224765, 0.044248, 60.000000, 6.739666, 0.061947, 70.000000, 9.666494, 0.061947
0.720000, 63.000000, 0.413089, 0.053097, 118.000000, 0.216782, 0.044248, 62.000000, 6.702384, 0.061947, 72.000000, 8.149849, 0.070796
0.740000, 63.000000, 0.403272, 0.070796, 131.000000, 0.213095, 0.026549, 62.000000, 6.713907, 0.070796, 76.000000, 7.949893, 0.053097
0.760000, 67.000000, 0.370811, 0.070796, 155.000000, 0.221263, 0.053097, 66.000000, 6.919897, 0.070796, 89.000000, 8.435020, 0.053097
0.780000, 70.000000, 0.369944, 0.061947, 175.000000, 0.234607, 0.070796, 71.000000, 6.737370, 0.070796, 102.000000, 9.114592, 0.061947
0.800000, 75.000000, 0.293695, 0.061947, 198.000000, 0.247006, 0.070796, 74.000000, 7.020234, 0.070796, 129.000000, 10.422407, 0.053097
0.820000, 81.000000, 0.340397, 0.070796, 234.000000, 0.232560, 0.079646, 82.000000, 7.309161, 0.070796, 167.000000, 13.324451, 0.070796
0.840000, 92.000000, 0.347382, 0.053097, 270.000000, 0.248723, 0.061947, 92.000000, 8.201830, 0.044248, 211.000000, 17.715981, 0.061947
0.860000, 105.000000, 0.398204, 0.061947, 312.000000, 0.280898, 0.079646, 114.000000, 10.521886, 0.061947, 269.000000, 24.692235, 0.061947
0.880000, 130.000000, 0.423136, 0.053097, 355.000000, 0.316125, 0.044248, 136.000000, 12.945056, 0.053097, 336.000000, 34.729413, 0.044248
0.900000, 181.000000, 0.381793, 0.053097, 402.000000, 0.252768, 0.053097, 184.000000, 20.205714, 0.053097, 399.000000, 28.184972, 0.053097
0.920000, 282.000000, 0.534075, 0.088496, 441.000000, 0.274594, 0.053097, 281.000000, 32.304400, 0.088496, 441.000000, 22.593776, 0.053097
0.940000, 456.000000, 0.146706, 0.053097, 456.000000, 0.147510, 0.053097, 456.000000, 11.486968, 0.053097, 456.000000, 11.850952, 0.053097
0.960000, 456.000000, 0.146446, 0.053097, 456.000000, 0.147012, 0.053097, 456.000000, 11.536294, 0.053097, 456.000000, 12.040159, 0.053097
0.980000, 456.000000, 0.148020, 0.053097, 456.000000, 0.147637, 0.053097, 456.000000, 11.797880, 0.053097, 456.000000, 12.103286, 0.053097
