Teta = 0 
simi thres, No hyperboxes Short simi, Training time Short simi, Testing error Short simi, No hyperboxes Long simi, Training time Long simi, Testing error Long simi,                                 No hyperboxes Mid max simi, Training time Mid max simi, Testing error Mid max simi,                                No hyperboxes Mid min simi, Training time Mid min simi, Testing error Mid min simi 
0.020000, 34.000000, 0.115722, 0.348837, 34.000000, 0.125847, 0.255814, 34.000000, 1.266059, 0.348837, 33.000000, 1.175764, 0.325581
0.040000, 34.000000, 0.112362, 0.348837, 34.000000, 0.125662, 0.255814, 34.000000, 1.383277, 0.348837, 33.000000, 1.174980, 0.325581
0.060000, 34.000000, 0.109016, 0.348837, 34.000000, 0.127857, 0.255814, 34.000000, 1.266944, 0.348837, 33.000000, 1.165820, 0.325581
0.080000, 34.000000, 0.108712, 0.348837, 34.000000, 0.124094, 0.255814, 34.000000, 1.172043, 0.348837, 33.000000, 1.165841, 0.325581
0.100000, 34.000000, 0.107072, 0.348837, 34.000000, 0.122852, 0.255814, 34.000000, 1.167329, 0.348837, 33.000000, 1.179113, 0.325581
0.120000, 34.000000, 0.106695, 0.348837, 34.000000, 0.119487, 0.255814, 34.000000, 1.159891, 0.348837, 33.000000, 1.161459, 0.325581
0.140000, 34.000000, 0.108245, 0.348837, 34.000000, 0.112858, 0.255814, 34.000000, 1.159392, 0.348837, 33.000000, 1.147576, 0.325581
0.160000, 34.000000, 0.105288, 0.348837, 34.000000, 0.116597, 0.255814, 34.000000, 1.162232, 0.348837, 33.000000, 1.122190, 0.325581
0.180000, 34.000000, 0.118764, 0.348837, 34.000000, 0.103635, 0.255814, 34.000000, 1.160850, 0.348837, 33.000000, 1.174807, 0.325581
0.200000, 34.000000, 0.099176, 0.348837, 34.000000, 0.096358, 0.255814, 34.000000, 1.161156, 0.348837, 33.000000, 1.135848, 0.325581
0.220000, 34.000000, 0.093187, 0.348837, 34.000000, 0.088711, 0.255814, 34.000000, 1.145850, 0.348837, 33.000000, 1.114092, 0.325581
0.240000, 34.000000, 0.093175, 0.348837, 34.000000, 0.086044, 0.255814, 34.000000, 1.142820, 0.348837, 33.000000, 1.121240, 0.325581
0.260000, 34.000000, 0.090643, 0.348837, 34.000000, 0.084733, 0.255814, 34.000000, 1.164561, 0.348837, 33.000000, 1.140527, 0.325581
0.280000, 34.000000, 0.089646, 0.348837, 34.000000, 0.080122, 0.255814, 34.000000, 1.142032, 0.348837, 33.000000, 1.122991, 0.325581
0.300000, 34.000000, 0.091374, 0.348837, 34.000000, 0.079462, 0.255814, 34.000000, 1.158511, 0.348837, 33.000000, 1.094435, 0.325581
0.320000, 34.000000, 0.092096, 0.348837, 34.000000, 0.078467, 0.255814, 34.000000, 1.136960, 0.348837, 33.000000, 1.121946, 0.325581
0.340000, 34.000000, 0.087266, 0.348837, 34.000000, 0.074120, 0.255814, 34.000000, 1.143027, 0.348837, 33.000000, 1.113023, 0.325581
0.360000, 34.000000, 0.085920, 0.348837, 34.000000, 0.074074, 0.255814, 34.000000, 1.135422, 0.348837, 33.000000, 1.130866, 0.325581
0.380000, 34.000000, 0.084863, 0.348837, 34.000000, 0.073974, 0.255814, 34.000000, 1.131853, 0.348837, 33.000000, 1.100464, 0.325581
0.400000, 34.000000, 0.082217, 0.348837, 34.000000, 0.072111, 0.255814, 34.000000, 1.131483, 0.348837, 33.000000, 1.105182, 0.325581
0.420000, 34.000000, 0.080112, 0.348837, 34.000000, 0.071945, 0.255814, 34.000000, 1.137615, 0.348837, 33.000000, 1.095682, 0.325581
0.440000, 34.000000, 0.079233, 0.348837, 34.000000, 0.071230, 0.255814, 34.000000, 1.125379, 0.348837, 33.000000, 1.095077, 0.325581
0.460000, 34.000000, 0.078013, 0.348837, 34.000000, 0.071948, 0.255814, 34.000000, 1.140533, 0.348837, 33.000000, 1.099270, 0.325581
0.480000, 34.000000, 0.075963, 0.348837, 34.000000, 0.064188, 0.255814, 34.000000, 1.142887, 0.348837, 33.000000, 1.097695, 0.325581
0.500000, 34.000000, 0.075587, 0.348837, 34.000000, 0.061671, 0.255814, 34.000000, 1.139552, 0.348837, 33.000000, 1.136710, 0.325581
0.520000, 34.000000, 0.080650, 0.348837, 34.000000, 0.059213, 0.255814, 34.000000, 1.131929, 0.348837, 33.000000, 1.122254, 0.325581
0.540000, 34.000000, 0.069023, 0.348837, 34.000000, 0.057281, 0.255814, 34.000000, 1.129941, 0.348837, 33.000000, 1.084224, 0.325581
0.560000, 34.000000, 0.068774, 0.348837, 34.000000, 0.055641, 0.255814, 34.000000, 1.114289, 0.348837, 33.000000, 1.101078, 0.325581
0.580000, 34.000000, 0.067318, 0.348837, 34.000000, 0.052124, 0.255814, 34.000000, 1.170646, 0.348837, 33.000000, 1.118684, 0.325581
0.600000, 34.000000, 0.064377, 0.348837, 34.000000, 0.048718, 0.255814, 34.000000, 1.138479, 0.348837, 33.000000, 1.108125, 0.325581
0.620000, 34.000000, 0.061587, 0.348837, 35.000000, 0.048126, 0.279070, 34.000000, 1.129375, 0.348837, 34.000000, 1.144819, 0.325581
0.640000, 35.000000, 0.060502, 0.348837, 39.000000, 0.044724, 0.325581, 35.000000, 1.127582, 0.348837, 35.000000, 1.298745, 0.279070
0.660000, 35.000000, 0.059654, 0.348837, 40.000000, 0.044006, 0.302326, 35.000000, 1.118756, 0.348837, 35.000000, 1.200983, 0.325581
0.680000, 35.000000, 0.058183, 0.348837, 42.000000, 0.043867, 0.325581, 35.000000, 1.132312, 0.348837, 36.000000, 1.126832, 0.255814
0.700000, 38.000000, 0.053467, 0.348837, 46.000000, 0.044575, 0.348837, 38.000000, 1.208145, 0.348837, 38.000000, 1.181475, 0.255814
0.720000, 38.000000, 0.053186, 0.348837, 47.000000, 0.043623, 0.348837, 38.000000, 1.174153, 0.348837, 40.000000, 1.208820, 0.279070
0.740000, 38.000000, 0.054711, 0.348837, 48.000000, 0.042759, 0.325581, 38.000000, 1.183650, 0.348837, 43.000000, 1.334233, 0.348837
0.760000, 39.000000, 0.052183, 0.348837, 54.000000, 0.041599, 0.348837, 40.000000, 1.226048, 0.348837, 46.000000, 1.450945, 0.348837
0.780000, 41.000000, 0.052692, 0.348837, 57.000000, 0.041700, 0.302326, 42.000000, 1.269709, 0.348837, 49.000000, 1.531321, 0.279070
0.800000, 42.000000, 0.052175, 0.348837, 61.000000, 0.045234, 0.348837, 44.000000, 1.298720, 0.325581, 50.000000, 1.546781, 0.279070
0.820000, 43.000000, 0.050465, 0.348837, 66.000000, 0.047480, 0.348837, 45.000000, 1.327931, 0.325581, 54.000000, 1.654579, 0.302326
0.840000, 47.000000, 0.050835, 0.302326, 73.000000, 0.067266, 0.348837, 49.000000, 1.410118, 0.325581, 66.000000, 1.965254, 0.279070
0.860000, 48.000000, 0.050123, 0.255814, 81.000000, 0.056008, 0.325581, 54.000000, 1.499439, 0.372093, 75.000000, 2.318622, 0.348837
0.880000, 59.000000, 0.049787, 0.279070, 88.000000, 0.061874, 0.302326, 68.000000, 1.859857, 0.395349, 81.000000, 2.580937, 0.348837
0.900000, 68.000000, 0.047656, 0.209302, 96.000000, 0.054249, 0.279070, 71.000000, 1.940708, 0.279070, 90.000000, 2.960655, 0.325581
0.920000, 81.000000, 0.050493, 0.325581, 115.000000, 0.047019, 0.279070, 87.000000, 2.423739, 0.348837, 108.000000, 3.182805, 0.302326
0.940000, 106.000000, 0.053778, 0.372093, 128.000000, 0.049617, 0.325581, 110.000000, 4.178219, 0.372093, 124.000000, 3.950352, 0.348837
0.960000, 131.000000, 0.047890, 0.348837, 149.000000, 0.036391, 0.348837, 135.000000, 4.611737, 0.348837, 145.000000, 3.852809, 0.348837
0.980000, 162.000000, 0.051086, 0.348837, 166.000000, 0.039044, 0.348837, 162.000000, 4.643423, 0.348837, 166.000000, 3.246944, 0.348837
