Teta = 0 
simi thres, No hyperboxes Short simi, Training time Short simi, Testing error Short simi, No hyperboxes Long simi, Training time Long simi, Testing error Long simi,                                 No hyperboxes Mid max simi, Training time Mid max simi, Testing error Mid max simi,                                No hyperboxes Mid min simi, Training time Mid min simi, Testing error Mid min simi 
0.020000, 131.000000, 0.239621, 0.185185, 130.000000, 0.208401, 0.185185, 131.000000, 3.952939, 0.185185, 130.000000, 3.854128, 0.185185
0.040000, 131.000000, 0.240567, 0.185185, 130.000000, 0.211893, 0.185185, 131.000000, 3.864422, 0.185185, 130.000000, 3.816547, 0.185185
0.060000, 131.000000, 0.240895, 0.185185, 130.000000, 0.207388, 0.185185, 131.000000, 3.881936, 0.185185, 130.000000, 3.756843, 0.185185
0.080000, 131.000000, 0.241247, 0.185185, 130.000000, 0.204496, 0.185185, 131.000000, 3.934740, 0.185185, 130.000000, 3.796925, 0.185185
0.100000, 131.000000, 0.243342, 0.185185, 130.000000, 0.209697, 0.185185, 131.000000, 3.964077, 0.185185, 130.000000, 3.786784, 0.185185
0.120000, 131.000000, 0.244511, 0.185185, 130.000000, 0.211435, 0.185185, 131.000000, 3.947936, 0.185185, 130.000000, 3.786043, 0.185185
0.140000, 131.000000, 0.246114, 0.185185, 130.000000, 0.207354, 0.185185, 131.000000, 3.912368, 0.185185, 130.000000, 3.740714, 0.185185
0.160000, 131.000000, 0.242765, 0.185185, 130.000000, 0.207775, 0.185185, 131.000000, 3.946444, 0.185185, 130.000000, 3.788497, 0.185185
0.180000, 131.000000, 0.242033, 0.185185, 130.000000, 0.208859, 0.185185, 131.000000, 3.920280, 0.185185, 130.000000, 3.754406, 0.185185
0.200000, 131.000000, 0.242634, 0.185185, 130.000000, 0.209577, 0.185185, 131.000000, 3.900127, 0.185185, 130.000000, 3.753588, 0.185185
0.220000, 131.000000, 0.243937, 0.185185, 130.000000, 0.202257, 0.185185, 131.000000, 3.934582, 0.185185, 130.000000, 3.805777, 0.185185
0.240000, 131.000000, 0.246171, 0.185185, 130.000000, 0.207040, 0.185185, 131.000000, 3.868484, 0.185185, 130.000000, 3.791984, 0.185185
0.260000, 131.000000, 0.221539, 0.185185, 130.000000, 0.189206, 0.185185, 131.000000, 3.818896, 0.185185, 130.000000, 3.731726, 0.185185
0.280000, 131.000000, 0.223903, 0.185185, 130.000000, 0.193232, 0.185185, 131.000000, 3.931027, 0.185185, 130.000000, 3.740834, 0.185185
0.300000, 131.000000, 0.218276, 0.185185, 130.000000, 0.195677, 0.185185, 131.000000, 3.907217, 0.185185, 130.000000, 3.738595, 0.185185
0.320000, 131.000000, 0.218515, 0.185185, 130.000000, 0.181358, 0.185185, 131.000000, 3.918012, 0.185185, 130.000000, 3.755063, 0.185185
0.340000, 131.000000, 0.159097, 0.185185, 130.000000, 0.125704, 0.185185, 131.000000, 3.879426, 0.185185, 130.000000, 3.691252, 0.185185
0.360000, 131.000000, 0.158844, 0.185185, 130.000000, 0.120926, 0.185185, 131.000000, 3.828333, 0.185185, 130.000000, 3.699936, 0.185185
0.380000, 131.000000, 0.163625, 0.185185, 130.000000, 0.134466, 0.185185, 131.000000, 3.818495, 0.185185, 130.000000, 3.672824, 0.185185
0.400000, 131.000000, 0.161998, 0.185185, 130.000000, 0.122667, 0.185185, 131.000000, 3.825377, 0.185185, 130.000000, 3.705550, 0.185185
0.420000, 131.000000, 0.158323, 0.185185, 130.000000, 0.122182, 0.185185, 131.000000, 3.837636, 0.185185, 130.000000, 3.698406, 0.185185
0.440000, 131.000000, 0.156280, 0.185185, 130.000000, 0.114464, 0.185185, 131.000000, 4.180493, 0.185185, 130.000000, 3.664904, 0.185185
0.460000, 131.000000, 0.154432, 0.185185, 130.000000, 0.112098, 0.185185, 131.000000, 3.871050, 0.185185, 130.000000, 3.721038, 0.185185
0.480000, 131.000000, 0.145435, 0.185185, 130.000000, 0.110971, 0.185185, 131.000000, 3.879159, 0.185185, 130.000000, 3.702032, 0.185185
0.500000, 131.000000, 0.147826, 0.185185, 130.000000, 0.108372, 0.185185, 131.000000, 3.838508, 0.185185, 130.000000, 3.647597, 0.185185
0.520000, 131.000000, 0.087901, 0.185185, 130.000000, 0.069247, 0.185185, 131.000000, 3.740914, 0.185185, 130.000000, 3.606813, 0.185185
0.540000, 131.000000, 0.084847, 0.185185, 130.000000, 0.066307, 0.185185, 131.000000, 3.771116, 0.185185, 130.000000, 3.638667, 0.185185
0.560000, 131.000000, 0.083872, 0.185185, 130.000000, 0.066350, 0.185185, 131.000000, 3.731415, 0.185185, 130.000000, 3.612933, 0.185185
0.580000, 131.000000, 0.087352, 0.185185, 130.000000, 0.072057, 0.185185, 131.000000, 3.802104, 0.185185, 130.000000, 3.615300, 0.185185
0.600000, 131.000000, 0.085970, 0.185185, 130.000000, 0.064792, 0.185185, 131.000000, 3.726731, 0.185185, 130.000000, 3.634034, 0.185185
0.620000, 132.000000, 0.086544, 0.166667, 134.000000, 0.061996, 0.166667, 132.000000, 3.741155, 0.166667, 132.000000, 3.695161, 0.185185
0.640000, 132.000000, 0.079940, 0.166667, 133.000000, 0.062223, 0.166667, 132.000000, 3.826647, 0.166667, 132.000000, 3.755384, 0.166667
0.660000, 133.000000, 0.082170, 0.166667, 137.000000, 0.063212, 0.166667, 133.000000, 3.864392, 0.166667, 135.000000, 3.833638, 0.166667
0.680000, 168.000000, 0.076473, 0.203704, 174.000000, 0.072749, 0.203704, 168.000000, 5.409633, 0.203704, 173.000000, 5.541112, 0.203704
0.700000, 169.000000, 0.074519, 0.203704, 176.000000, 0.071756, 0.203704, 169.000000, 5.473721, 0.203704, 173.000000, 6.500245, 0.203704
0.720000, 170.000000, 0.078609, 0.203704, 177.000000, 0.074176, 0.203704, 170.000000, 5.537824, 0.203704, 174.000000, 6.000915, 0.203704
0.740000, 174.000000, 0.074704, 0.203704, 180.000000, 0.074298, 0.203704, 174.000000, 5.725392, 0.203704, 177.000000, 6.412707, 0.203704
0.760000, 182.000000, 0.075802, 0.203704, 187.000000, 0.057052, 0.203704, 182.000000, 6.171189, 0.203704, 187.000000, 4.765023, 0.203704
0.780000, 189.000000, 0.078718, 0.203704, 195.000000, 0.055074, 0.203704, 190.000000, 6.678274, 0.203704, 195.000000, 4.889100, 0.203704
0.800000, 192.000000, 0.075991, 0.203704, 200.000000, 0.054915, 0.203704, 193.000000, 6.797795, 0.203704, 200.000000, 5.064016, 0.203704
0.820000, 194.000000, 0.079725, 0.203704, 201.000000, 0.054892, 0.203704, 195.000000, 6.914587, 0.203704, 201.000000, 4.889198, 0.203704
0.840000, 201.000000, 0.082659, 0.203704, 208.000000, 0.052727, 0.203704, 201.000000, 7.235251, 0.203704, 208.000000, 5.465673, 0.203704
0.860000, 206.000000, 0.055861, 0.203704, 210.000000, 0.056300, 0.203704, 206.000000, 5.012292, 0.203704, 210.000000, 5.424110, 0.203704
0.880000, 211.000000, 0.053966, 0.203704, 212.000000, 0.055507, 0.203704, 211.000000, 5.229887, 0.203704, 212.000000, 5.351471, 0.203704
0.900000, 212.000000, 0.055035, 0.203704, 212.000000, 0.057067, 0.203704, 212.000000, 5.269547, 0.203704, 212.000000, 5.415590, 0.203704
0.920000, 214.000000, 0.055724, 0.203704, 214.000000, 0.054358, 0.203704, 214.000000, 5.378316, 0.203704, 214.000000, 5.772970, 0.203704
0.940000, 216.000000, 0.028943, 0.203704, 216.000000, 0.028522, 0.203704, 216.000000, 2.725398, 0.203704, 216.000000, 2.942777, 0.203704
0.960000, 216.000000, 0.030745, 0.203704, 216.000000, 0.029387, 0.203704, 216.000000, 2.756410, 0.203704, 216.000000, 2.795423, 0.203704
0.980000, 216.000000, 0.028304, 0.203704, 216.000000, 0.030024, 0.203704, 216.000000, 2.720707, 0.203704, 216.000000, 2.715465, 0.203704
