Teta = 0 
simi thres, No hyperboxes Short simi, Training time Short simi, Testing error Short simi, No hyperboxes Long simi, Training time Long simi, Testing error Long simi,                                 No hyperboxes Mid max simi, Training time Mid max simi, Testing error Mid max simi,                                No hyperboxes Mid min simi, Training time Mid min simi, Testing error Mid min simi 
0.020000, 119.000000, 1.594107, 0.142857, 124.000000, 2.171200, 0.114286, 120.000000, 7.762828, 0.128571, 123.000000, 8.122413, 0.114286
0.040000, 119.000000, 1.565008, 0.142857, 124.000000, 2.131185, 0.114286, 120.000000, 7.740999, 0.128571, 123.000000, 8.002568, 0.114286
0.060000, 119.000000, 1.419040, 0.142857, 124.000000, 1.997053, 0.114286, 120.000000, 7.685415, 0.128571, 123.000000, 7.910052, 0.114286
0.080000, 119.000000, 1.400485, 0.142857, 124.000000, 1.943958, 0.114286, 120.000000, 7.583437, 0.128571, 123.000000, 8.564944, 0.114286
0.100000, 119.000000, 1.354162, 0.142857, 124.000000, 1.803361, 0.114286, 120.000000, 7.491713, 0.128571, 123.000000, 7.791208, 0.114286
0.120000, 119.000000, 1.285250, 0.142857, 124.000000, 1.683523, 0.114286, 120.000000, 7.433361, 0.128571, 123.000000, 7.552993, 0.114286
0.140000, 119.000000, 1.319832, 0.142857, 124.000000, 1.598485, 0.114286, 120.000000, 7.292461, 0.128571, 123.000000, 7.595950, 0.114286
0.160000, 119.000000, 1.233678, 0.142857, 124.000000, 1.492004, 0.114286, 120.000000, 7.422757, 0.128571, 123.000000, 7.427039, 0.114286
0.180000, 119.000000, 1.133826, 0.142857, 124.000000, 1.458834, 0.114286, 120.000000, 7.493164, 0.128571, 123.000000, 7.327834, 0.114286
0.200000, 119.000000, 1.022862, 0.142857, 124.000000, 1.284567, 0.114286, 120.000000, 7.084065, 0.128571, 123.000000, 7.189689, 0.114286
0.220000, 119.000000, 1.044018, 0.142857, 124.000000, 1.193626, 0.114286, 120.000000, 7.055192, 0.128571, 123.000000, 7.107906, 0.114286
0.240000, 119.000000, 0.979674, 0.142857, 124.000000, 1.138065, 0.114286, 120.000000, 7.154365, 0.128571, 123.000000, 7.086851, 0.114286
0.260000, 119.000000, 0.960505, 0.142857, 124.000000, 1.086502, 0.114286, 120.000000, 6.948441, 0.128571, 123.000000, 7.340317, 0.114286
0.280000, 119.000000, 0.929476, 0.142857, 124.000000, 0.985693, 0.114286, 120.000000, 6.883769, 0.128571, 123.000000, 6.930174, 0.114286
0.300000, 119.000000, 0.872998, 0.142857, 124.000000, 0.923500, 0.114286, 120.000000, 6.823357, 0.128571, 123.000000, 6.852412, 0.114286
0.320000, 119.000000, 0.862752, 0.142857, 124.000000, 0.841364, 0.114286, 120.000000, 6.742464, 0.128571, 123.000000, 6.783976, 0.114286
0.340000, 119.000000, 0.784874, 0.142857, 124.000000, 0.746376, 0.114286, 120.000000, 6.727794, 0.128571, 123.000000, 6.668232, 0.114286
0.360000, 119.000000, 0.742893, 0.142857, 124.000000, 0.670879, 0.114286, 120.000000, 6.663370, 0.128571, 123.000000, 6.568676, 0.114286
0.380000, 119.000000, 0.727704, 0.142857, 124.000000, 0.629390, 0.114286, 120.000000, 6.629328, 0.128571, 123.000000, 6.546262, 0.114286
0.400000, 119.000000, 0.732246, 0.142857, 124.000000, 0.552309, 0.114286, 120.000000, 6.584358, 0.128571, 123.000000, 6.638664, 0.114286
0.420000, 119.000000, 0.679025, 0.142857, 124.000000, 0.488037, 0.114286, 120.000000, 6.533257, 0.128571, 123.000000, 6.954574, 0.114286
0.440000, 119.000000, 0.600805, 0.142857, 124.000000, 0.442733, 0.114286, 120.000000, 6.490240, 0.128571, 123.000000, 6.645893, 0.114286
0.460000, 119.000000, 0.558864, 0.142857, 124.000000, 0.368637, 0.114286, 120.000000, 6.374793, 0.128571, 123.000000, 6.654705, 0.114286
0.480000, 119.000000, 0.540596, 0.142857, 124.000000, 0.335731, 0.114286, 120.000000, 6.307365, 0.128571, 123.000000, 6.326644, 0.114286
0.500000, 119.000000, 0.452048, 0.142857, 124.000000, 0.290333, 0.114286, 120.000000, 6.211358, 0.128571, 123.000000, 6.416765, 0.114286
0.520000, 119.000000, 0.271536, 0.142857, 124.000000, 0.179005, 0.114286, 120.000000, 6.014122, 0.128571, 123.000000, 6.643056, 0.114286
0.540000, 119.000000, 0.243822, 0.142857, 124.000000, 0.166873, 0.114286, 120.000000, 5.981996, 0.128571, 123.000000, 6.324165, 0.114286
0.560000, 119.000000, 0.234788, 0.142857, 124.000000, 0.155701, 0.114286, 120.000000, 5.937136, 0.128571, 123.000000, 6.386496, 0.114286
0.580000, 119.000000, 0.222497, 0.142857, 124.000000, 0.141365, 0.114286, 120.000000, 5.963263, 0.128571, 123.000000, 6.233872, 0.114286
0.600000, 119.000000, 0.216155, 0.142857, 124.000000, 0.139472, 0.114286, 120.000000, 5.914570, 0.128571, 123.000000, 6.164975, 0.114286
0.620000, 118.000000, 0.187043, 0.114286, 129.000000, 0.141869, 0.114286, 119.000000, 5.846124, 0.114286, 125.000000, 6.389596, 0.114286
0.640000, 119.000000, 0.183804, 0.114286, 133.000000, 0.142016, 0.128571, 120.000000, 6.022271, 0.114286, 125.000000, 6.339736, 0.128571
0.660000, 121.000000, 0.214245, 0.114286, 135.000000, 0.144339, 0.128571, 122.000000, 5.984745, 0.114286, 126.000000, 6.394144, 0.128571
0.680000, 121.000000, 0.165302, 0.114286, 138.000000, 0.145022, 0.128571, 122.000000, 5.999537, 0.114286, 128.000000, 7.103366, 0.114286
0.700000, 122.000000, 0.162780, 0.128571, 143.000000, 0.148357, 0.128571, 123.000000, 6.115321, 0.128571, 129.000000, 7.934634, 0.128571
0.720000, 122.000000, 0.165081, 0.128571, 148.000000, 0.149279, 0.114286, 123.000000, 5.227340, 0.128571, 131.000000, 7.872516, 0.128571
0.740000, 126.000000, 0.154620, 0.128571, 156.000000, 0.155428, 0.114286, 126.000000, 6.329108, 0.128571, 133.000000, 9.416629, 0.142857
0.760000, 128.000000, 0.178918, 0.128571, 159.000000, 0.157718, 0.114286, 127.000000, 7.369068, 0.128571, 136.000000, 10.189770, 0.142857
0.780000, 129.000000, 0.204365, 0.128571, 163.000000, 0.160068, 0.114286, 128.000000, 7.378299, 0.128571, 142.000000, 8.875594, 0.142857
0.800000, 136.000000, 0.145722, 0.128571, 175.000000, 0.167137, 0.114286, 138.000000, 6.964942, 0.128571, 154.000000, 10.477694, 0.114286
0.820000, 138.000000, 0.143067, 0.142857, 186.000000, 0.175071, 0.114286, 144.000000, 7.226214, 0.142857, 166.000000, 9.838498, 0.114286
0.840000, 141.000000, 0.172975, 0.114286, 198.000000, 0.145512, 0.100000, 146.000000, 7.458604, 0.114286, 180.000000, 11.822055, 0.100000
0.860000, 148.000000, 0.143859, 0.114286, 206.000000, 0.151052, 0.100000, 152.000000, 7.814142, 0.114286, 190.000000, 10.678081, 0.100000
0.880000, 150.000000, 0.177741, 0.114286, 219.000000, 0.157091, 0.114286, 158.000000, 8.462476, 0.114286, 207.000000, 12.077122, 0.114286
0.900000, 171.000000, 0.194023, 0.114286, 233.000000, 0.213960, 0.128571, 176.000000, 10.091346, 0.114286, 224.000000, 13.550443, 0.114286
0.920000, 190.000000, 0.285655, 0.100000, 247.000000, 0.175843, 0.128571, 190.000000, 16.555868, 0.100000, 244.000000, 15.317805, 0.114286
0.940000, 234.000000, 0.307063, 0.128571, 262.000000, 0.126533, 0.128571, 234.000000, 21.349367, 0.128571, 261.000000, 12.556375, 0.128571
0.960000, 268.000000, 0.195980, 0.128571, 274.000000, 0.131822, 0.128571, 268.000000, 12.838072, 0.128571, 274.000000, 9.328483, 0.128571
0.980000, 280.000000, 0.133576, 0.128571, 280.000000, 0.132736, 0.128571, 280.000000, 9.232133, 0.128571, 280.000000, 9.539880, 0.128571
