Teta = 0 
simi thres, No hyperboxes Short simi, Training time Short simi, Testing error Short simi, No hyperboxes Long simi, Training time Long simi, Testing error Long simi,                                 No hyperboxes Mid max simi, Training time Mid max simi, Testing error Mid max simi,                                No hyperboxes Mid min simi, Training time Mid min simi, Testing error Mid min simi 
0.020000, 110.000000, 3.993263, 0.047619, 108.000000, 4.125659, 0.051948, 110.000000, 125.327693, 0.054113, 109.000000, 122.780486, 0.049784
0.040000, 110.000000, 4.112351, 0.047619, 108.000000, 4.039194, 0.051948, 110.000000, 122.109770, 0.054113, 109.000000, 125.554728, 0.049784
0.060000, 110.000000, 3.859632, 0.047619, 108.000000, 3.929802, 0.051948, 110.000000, 122.135677, 0.054113, 109.000000, 125.425239, 0.049784
0.080000, 110.000000, 3.777444, 0.047619, 108.000000, 3.861333, 0.051948, 110.000000, 121.495911, 0.054113, 109.000000, 111.916246, 0.049784
0.100000, 110.000000, 3.864250, 0.047619, 108.000000, 3.849619, 0.051948, 110.000000, 121.357190, 0.054113, 109.000000, 107.221111, 0.049784
0.120000, 110.000000, 3.980531, 0.047619, 108.000000, 3.927929, 0.051948, 110.000000, 123.556360, 0.054113, 109.000000, 107.161534, 0.049784
0.140000, 110.000000, 3.777356, 0.047619, 108.000000, 3.791961, 0.051948, 110.000000, 127.493500, 0.054113, 109.000000, 106.685408, 0.049784
0.160000, 110.000000, 3.769221, 0.047619, 108.000000, 3.561558, 0.051948, 110.000000, 127.222543, 0.054113, 109.000000, 106.498923, 0.049784
0.180000, 110.000000, 3.654357, 0.047619, 108.000000, 3.447999, 0.051948, 110.000000, 122.488937, 0.054113, 109.000000, 106.814326, 0.049784
0.200000, 110.000000, 3.605500, 0.047619, 108.000000, 3.365210, 0.051948, 110.000000, 120.537997, 0.054113, 109.000000, 106.422077, 0.049784
0.220000, 110.000000, 3.659778, 0.047619, 108.000000, 3.368347, 0.051948, 110.000000, 123.913595, 0.054113, 109.000000, 106.346759, 0.049784
0.240000, 110.000000, 3.576667, 0.047619, 108.000000, 3.326370, 0.051948, 110.000000, 122.867481, 0.054113, 109.000000, 106.236396, 0.049784
0.260000, 110.000000, 3.458218, 0.047619, 108.000000, 3.233209, 0.051948, 110.000000, 128.695333, 0.054113, 109.000000, 105.867004, 0.049784
0.280000, 110.000000, 3.523305, 0.047619, 108.000000, 3.164021, 0.051948, 110.000000, 125.859026, 0.054113, 109.000000, 106.016770, 0.049784
0.300000, 110.000000, 3.445452, 0.047619, 108.000000, 3.350625, 0.051948, 110.000000, 117.313137, 0.054113, 109.000000, 105.699699, 0.049784
0.320000, 110.000000, 3.797976, 0.047619, 108.000000, 3.121884, 0.051948, 110.000000, 117.973584, 0.054113, 109.000000, 105.810554, 0.049784
0.340000, 110.000000, 3.497398, 0.047619, 108.000000, 2.892009, 0.051948, 110.000000, 117.395569, 0.054113, 109.000000, 110.355126, 0.049784
0.360000, 110.000000, 3.598287, 0.047619, 108.000000, 2.806923, 0.051948, 110.000000, 116.844618, 0.054113, 109.000000, 105.944276, 0.049784
0.380000, 110.000000, 3.732600, 0.047619, 108.000000, 2.823913, 0.051948, 110.000000, 117.654449, 0.054113, 109.000000, 106.567113, 0.049784
0.400000, 110.000000, 3.615209, 0.047619, 108.000000, 2.705059, 0.051948, 110.000000, 117.401425, 0.054113, 109.000000, 105.568554, 0.049784
0.420000, 110.000000, 3.343756, 0.047619, 108.000000, 2.725651, 0.051948, 110.000000, 117.258154, 0.054113, 109.000000, 105.409975, 0.049784
0.440000, 110.000000, 3.113888, 0.047619, 108.000000, 2.826139, 0.051948, 110.000000, 116.926961, 0.054113, 109.000000, 105.894945, 0.049784
0.460000, 110.000000, 3.233048, 0.047619, 108.000000, 2.605935, 0.051948, 110.000000, 121.681582, 0.054113, 109.000000, 108.924670, 0.049784
0.480000, 110.000000, 3.010873, 0.047619, 108.000000, 2.487641, 0.051948, 110.000000, 121.271560, 0.054113, 109.000000, 107.738885, 0.049784
0.500000, 110.000000, 2.946373, 0.047619, 108.000000, 2.429638, 0.051948, 110.000000, 121.134827, 0.054113, 109.000000, 108.672862, 0.049784
0.520000, 110.000000, 2.372147, 0.047619, 108.000000, 1.864364, 0.051948, 110.000000, 121.379169, 0.054113, 109.000000, 107.529498, 0.049784
0.540000, 110.000000, 2.450359, 0.047619, 108.000000, 1.860228, 0.051948, 110.000000, 123.813769, 0.054113, 109.000000, 109.773447, 0.049784
0.560000, 110.000000, 2.305808, 0.047619, 108.000000, 1.865855, 0.051948, 110.000000, 126.439584, 0.054113, 109.000000, 109.698334, 0.049784
0.580000, 110.000000, 2.337902, 0.047619, 108.000000, 1.824299, 0.051948, 110.000000, 120.937753, 0.054113, 109.000000, 106.173408, 0.049784
0.600000, 110.000000, 2.340790, 0.047619, 108.000000, 1.792778, 0.051948, 110.000000, 120.704597, 0.054113, 109.000000, 107.664968, 0.049784
0.620000, 109.000000, 2.385926, 0.060606, 119.000000, 1.827176, 0.049784, 111.000000, 118.585066, 0.058442, 111.000000, 108.919010, 0.041126
0.640000, 110.000000, 2.254336, 0.058442, 130.000000, 1.832290, 0.047619, 110.000000, 123.881673, 0.058442, 115.000000, 112.157507, 0.034632
0.660000, 112.000000, 2.340991, 0.054113, 147.000000, 1.916832, 0.047619, 110.000000, 119.605568, 0.051948, 116.000000, 108.210888, 0.049784
0.680000, 133.000000, 2.078071, 0.043290, 187.000000, 1.965790, 0.045455, 136.000000, 123.971138, 0.049784, 145.000000, 111.478238, 0.034632
0.700000, 133.000000, 2.042376, 0.045455, 210.000000, 1.877097, 0.041126, 136.000000, 124.781225, 0.051948, 145.000000, 110.831598, 0.041126
0.720000, 138.000000, 2.334805, 0.051948, 230.000000, 2.120232, 0.045455, 139.000000, 123.351306, 0.056277, 152.000000, 112.995431, 0.041126
0.740000, 141.000000, 2.265658, 0.054113, 253.000000, 2.064734, 0.058442, 142.000000, 125.965345, 0.058442, 158.000000, 120.167294, 0.038961
0.760000, 149.000000, 2.061263, 0.043290, 283.000000, 1.940556, 0.056277, 150.000000, 127.854925, 0.047619, 175.000000, 115.840117, 0.047619
0.780000, 152.000000, 1.987389, 0.045455, 308.000000, 2.092232, 0.047619, 155.000000, 128.879796, 0.054113, 194.000000, 120.065491, 0.049784
0.800000, 157.000000, 1.971879, 0.047619, 349.000000, 1.906914, 0.047619, 164.000000, 128.532042, 0.045455, 218.000000, 121.840624, 0.045455
0.820000, 164.000000, 1.936136, 0.047619, 389.000000, 2.178540, 0.045455, 174.000000, 129.416569, 0.045455, 253.000000, 128.427822, 0.054113
0.840000, 172.000000, 1.945766, 0.056277, 449.000000, 2.200335, 0.043290, 187.000000, 134.025479, 0.051948, 300.000000, 135.814002, 0.047619
0.860000, 185.000000, 1.951732, 0.041126, 515.000000, 2.112675, 0.047619, 211.000000, 150.673810, 0.038961, 361.000000, 144.300017, 0.051948
0.880000, 206.000000, 1.964843, 0.041126, 613.000000, 2.290910, 0.047619, 245.000000, 145.622596, 0.045455, 465.000000, 160.273353, 0.045455
0.900000, 237.000000, 2.465277, 0.043290, 729.000000, 2.512459, 0.041126, 303.000000, 161.046810, 0.047619, 589.000000, 194.564234, 0.043290
0.920000, 303.000000, 2.253819, 0.041126, 886.000000, 2.890966, 0.038961, 387.000000, 217.261423, 0.054113, 769.000000, 263.890828, 0.038961
0.940000, 498.000000, 2.817639, 0.058442, 1084.000000, 3.376130, 0.043290, 638.000000, 333.988124, 0.054113, 1023.000000, 380.273385, 0.043290
0.960000, 918.000000, 5.008514, 0.051948, 1354.000000, 3.356255, 0.043290, 1134.000000, 499.040274, 0.045455, 1330.000000, 475.711536, 0.043290
0.980000, 1575.000000, 4.667202, 0.043290, 1619.000000, 4.087106, 0.043290, 1580.000000, 678.144835, 0.043290, 1619.000000, 504.832451, 0.043290
