Teta = 0 
simi thres, No hyperboxes Short simi, Training time Short simi, Testing error Short simi, No hyperboxes Long simi, Training time Long simi, Testing error Long simi,                                 No hyperboxes Mid max simi, Training time Mid max simi, Testing error Mid max simi,                                No hyperboxes Mid min simi, Training time Mid min simi, Testing error Mid min simi 
0.020000, 25.000000, 0.325647, 0.010000, 22.000000, 0.290767, 0.005000, 22.000000, 20.360144, 0.005000, 23.000000, 20.127685, 0.005000
0.040000, 25.000000, 0.302332, 0.010000, 22.000000, 0.293454, 0.005000, 22.000000, 20.379418, 0.005000, 23.000000, 20.033487, 0.005000
0.060000, 25.000000, 0.303850, 0.010000, 22.000000, 0.274370, 0.005000, 22.000000, 20.384527, 0.005000, 23.000000, 19.561768, 0.005000
0.080000, 25.000000, 0.316390, 0.010000, 22.000000, 0.290343, 0.005000, 22.000000, 20.853948, 0.005000, 23.000000, 19.851200, 0.005000
0.100000, 25.000000, 0.298325, 0.010000, 22.000000, 0.280095, 0.005000, 22.000000, 18.989856, 0.005000, 23.000000, 20.042867, 0.005000
0.120000, 25.000000, 0.296117, 0.010000, 22.000000, 0.289981, 0.005000, 22.000000, 20.096623, 0.005000, 23.000000, 20.175015, 0.005000
0.140000, 25.000000, 0.308209, 0.010000, 22.000000, 0.275666, 0.005000, 22.000000, 21.517218, 0.005000, 23.000000, 21.797897, 0.005000
0.160000, 25.000000, 0.302460, 0.010000, 22.000000, 0.288006, 0.005000, 22.000000, 19.344736, 0.005000, 23.000000, 20.179506, 0.005000
0.180000, 25.000000, 0.308938, 0.010000, 22.000000, 0.288506, 0.005000, 22.000000, 20.186865, 0.005000, 23.000000, 19.855995, 0.005000
0.200000, 25.000000, 0.313306, 0.010000, 22.000000, 0.283364, 0.005000, 22.000000, 20.276769, 0.005000, 23.000000, 19.951635, 0.005000
0.220000, 25.000000, 0.289448, 0.010000, 22.000000, 0.301245, 0.005000, 22.000000, 20.055193, 0.005000, 23.000000, 19.437807, 0.005000
0.240000, 25.000000, 0.309051, 0.010000, 22.000000, 0.302732, 0.005000, 22.000000, 19.642492, 0.005000, 23.000000, 19.327141, 0.005000
0.260000, 25.000000, 0.312009, 0.010000, 22.000000, 0.273510, 0.005000, 22.000000, 20.646381, 0.005000, 23.000000, 19.422204, 0.005000
0.280000, 25.000000, 0.304141, 0.010000, 22.000000, 0.286321, 0.005000, 22.000000, 19.901687, 0.005000, 23.000000, 20.905544, 0.005000
0.300000, 25.000000, 0.289090, 0.010000, 22.000000, 0.278005, 0.005000, 22.000000, 20.174407, 0.005000, 23.000000, 20.089822, 0.005000
0.320000, 25.000000, 0.318497, 0.010000, 22.000000, 0.293528, 0.005000, 22.000000, 19.754179, 0.005000, 23.000000, 19.820118, 0.005000
0.340000, 25.000000, 0.307963, 0.010000, 22.000000, 0.277952, 0.005000, 22.000000, 19.844382, 0.005000, 23.000000, 20.169525, 0.005000
0.360000, 25.000000, 0.301179, 0.010000, 22.000000, 0.264610, 0.005000, 22.000000, 19.563553, 0.005000, 23.000000, 19.729151, 0.005000
0.380000, 25.000000, 0.289246, 0.010000, 22.000000, 0.272174, 0.005000, 22.000000, 19.526474, 0.005000, 23.000000, 19.476531, 0.005000
0.400000, 25.000000, 0.288163, 0.010000, 22.000000, 0.317824, 0.005000, 22.000000, 19.515889, 0.005000, 23.000000, 20.763060, 0.005000
0.420000, 25.000000, 0.287412, 0.010000, 22.000000, 0.271948, 0.005000, 22.000000, 19.621015, 0.005000, 23.000000, 19.930627, 0.005000
0.440000, 25.000000, 0.345373, 0.010000, 22.000000, 0.274018, 0.005000, 22.000000, 20.231407, 0.005000, 23.000000, 20.560047, 0.005000
0.460000, 25.000000, 0.316049, 0.010000, 22.000000, 0.274110, 0.005000, 22.000000, 20.234547, 0.005000, 23.000000, 20.805825, 0.005000
0.480000, 25.000000, 0.304869, 0.010000, 22.000000, 0.262354, 0.005000, 22.000000, 20.366555, 0.005000, 23.000000, 20.666051, 0.005000
0.500000, 25.000000, 0.318801, 0.010000, 22.000000, 0.258384, 0.005000, 22.000000, 21.834822, 0.005000, 23.000000, 20.639300, 0.005000
0.520000, 25.000000, 0.293921, 0.010000, 22.000000, 0.292279, 0.005000, 22.000000, 20.738407, 0.005000, 23.000000, 21.884626, 0.005000
0.540000, 25.000000, 0.290747, 0.010000, 22.000000, 0.283591, 0.005000, 22.000000, 20.625944, 0.005000, 23.000000, 19.926485, 0.005000
0.560000, 25.000000, 0.278447, 0.010000, 22.000000, 0.246491, 0.005000, 22.000000, 20.437590, 0.005000, 23.000000, 19.672891, 0.005000
0.580000, 25.000000, 0.277741, 0.010000, 22.000000, 0.243036, 0.005000, 22.000000, 20.803816, 0.005000, 23.000000, 19.556157, 0.005000
0.600000, 25.000000, 0.274733, 0.010000, 22.000000, 0.242666, 0.005000, 22.000000, 21.886274, 0.005000, 23.000000, 19.725005, 0.005000
0.620000, 25.000000, 0.273646, 0.010000, 24.000000, 0.250344, 0.005000, 22.000000, 20.974139, 0.005000, 23.000000, 23.206539, 0.005000
0.640000, 25.000000, 0.305526, 0.010000, 26.000000, 0.242308, 0.005000, 22.000000, 19.910456, 0.005000, 23.000000, 19.770476, 0.005000
0.660000, 25.000000, 0.303563, 0.010000, 26.000000, 0.246260, 0.005000, 22.000000, 19.973184, 0.005000, 23.000000, 20.105474, 0.005000
0.680000, 25.000000, 0.300928, 0.010000, 26.000000, 0.232359, 0.005000, 22.000000, 19.228803, 0.005000, 23.000000, 19.616254, 0.005000
0.700000, 25.000000, 0.283504, 0.010000, 29.000000, 0.234021, 0.005000, 22.000000, 19.544703, 0.005000, 23.000000, 19.900871, 0.005000
0.720000, 25.000000, 0.278615, 0.010000, 30.000000, 0.230928, 0.005000, 22.000000, 19.272202, 0.005000, 23.000000, 20.385605, 0.005000
0.740000, 25.000000, 0.264354, 0.010000, 32.000000, 0.237301, 0.000000, 22.000000, 19.754347, 0.005000, 24.000000, 19.916738, 0.000000
0.760000, 25.000000, 0.265088, 0.010000, 32.000000, 0.246848, 0.000000, 22.000000, 20.913933, 0.005000, 24.000000, 19.443378, 0.000000
0.780000, 25.000000, 0.260490, 0.010000, 33.000000, 0.236851, 0.000000, 22.000000, 19.291669, 0.005000, 24.000000, 19.978846, 0.000000
0.800000, 25.000000, 0.256342, 0.010000, 37.000000, 0.223729, 0.000000, 22.000000, 20.185946, 0.005000, 29.000000, 19.778875, 0.000000
0.820000, 25.000000, 0.255563, 0.010000, 44.000000, 0.225632, 0.000000, 22.000000, 20.313522, 0.005000, 31.000000, 19.406620, 0.000000
0.840000, 25.000000, 0.248283, 0.010000, 49.000000, 0.233092, 0.000000, 23.000000, 19.264514, 0.005000, 33.000000, 19.715804, 0.000000
0.860000, 25.000000, 0.255144, 0.010000, 54.000000, 0.226058, 0.000000, 24.000000, 19.338053, 0.005000, 35.000000, 20.137001, 0.000000
0.880000, 25.000000, 0.251868, 0.010000, 61.000000, 0.226131, 0.000000, 27.000000, 20.098195, 0.005000, 39.000000, 19.702908, 0.000000
0.900000, 25.000000, 0.261787, 0.010000, 70.000000, 0.225531, 0.000000, 35.000000, 19.960334, 0.000000, 46.000000, 20.130638, 0.000000
0.920000, 25.000000, 0.236313, 0.010000, 92.000000, 0.224940, 0.000000, 44.000000, 19.909590, 0.000000, 59.000000, 20.574671, 0.000000
0.940000, 25.000000, 0.241946, 0.010000, 112.000000, 0.216900, 0.000000, 54.000000, 21.114517, 0.000000, 78.000000, 20.001407, 0.000000
0.960000, 25.000000, 0.249115, 0.010000, 161.000000, 0.218411, 0.000000, 76.000000, 21.523398, 0.000000, 116.000000, 23.309579, 0.000000
0.980000, 36.000000, 0.241430, 0.010000, 267.000000, 0.216917, 0.000000, 155.000000, 23.278420, 0.000000, 211.000000, 26.000764, 0.000000
