Teta = 0 
simi thres, No hyperboxes Short simi, Training time Short simi, Testing error Short simi, No hyperboxes Long simi, Training time Long simi, Testing error Long simi,                                 No hyperboxes Mid max simi, Training time Mid max simi, Testing error Mid max simi,                                No hyperboxes Mid min simi, Training time Mid min simi, Testing error Mid min simi 
0.020000, 15.000000, 0.048921, 0.046512, 16.000000, 0.050780, 0.046512, 16.000000, 0.936946, 0.046512, 15.000000, 0.966713, 0.046512
0.040000, 15.000000, 0.048064, 0.046512, 16.000000, 0.048360, 0.046512, 16.000000, 0.991781, 0.046512, 15.000000, 0.947350, 0.046512
0.060000, 15.000000, 0.047874, 0.046512, 16.000000, 0.048209, 0.046512, 16.000000, 0.928757, 0.046512, 15.000000, 0.946380, 0.046512
0.080000, 15.000000, 0.049186, 0.046512, 16.000000, 0.048012, 0.046512, 16.000000, 0.939754, 0.046512, 15.000000, 0.955192, 0.046512
0.100000, 15.000000, 0.048864, 0.046512, 16.000000, 0.047531, 0.046512, 16.000000, 0.940677, 0.046512, 15.000000, 0.950291, 0.046512
0.120000, 15.000000, 0.047645, 0.046512, 16.000000, 0.047401, 0.046512, 16.000000, 0.934942, 0.046512, 15.000000, 0.955506, 0.046512
0.140000, 15.000000, 0.048131, 0.046512, 16.000000, 0.046704, 0.046512, 16.000000, 0.925152, 0.046512, 15.000000, 0.967568, 0.046512
0.160000, 15.000000, 0.058830, 0.046512, 16.000000, 0.047695, 0.046512, 16.000000, 0.960382, 0.046512, 15.000000, 0.971566, 0.046512
0.180000, 15.000000, 0.049957, 0.046512, 16.000000, 0.046615, 0.046512, 16.000000, 0.955617, 0.046512, 15.000000, 0.970923, 0.046512
0.200000, 15.000000, 0.049097, 0.046512, 16.000000, 0.046006, 0.046512, 16.000000, 0.933809, 0.046512, 15.000000, 0.986992, 0.046512
0.220000, 15.000000, 0.048109, 0.046512, 16.000000, 0.046624, 0.046512, 16.000000, 0.944843, 0.046512, 15.000000, 0.975210, 0.046512
0.240000, 15.000000, 0.048077, 0.046512, 16.000000, 0.046432, 0.046512, 16.000000, 0.942457, 0.046512, 15.000000, 0.999047, 0.046512
0.260000, 15.000000, 0.048553, 0.046512, 16.000000, 0.045915, 0.046512, 16.000000, 0.952699, 0.046512, 15.000000, 0.961481, 0.046512
0.280000, 15.000000, 0.049047, 0.046512, 16.000000, 0.045368, 0.046512, 16.000000, 0.946339, 0.046512, 15.000000, 0.972740, 0.046512
0.300000, 15.000000, 0.048416, 0.046512, 16.000000, 0.053902, 0.046512, 16.000000, 0.934303, 0.046512, 15.000000, 0.937288, 0.046512
0.320000, 15.000000, 0.049423, 0.046512, 16.000000, 0.044789, 0.046512, 16.000000, 0.941336, 0.046512, 15.000000, 0.957990, 0.046512
0.340000, 15.000000, 0.049280, 0.046512, 16.000000, 0.044846, 0.046512, 16.000000, 0.945034, 0.046512, 15.000000, 0.972247, 0.046512
0.360000, 15.000000, 0.047184, 0.046512, 16.000000, 0.057411, 0.046512, 16.000000, 0.935918, 0.046512, 15.000000, 0.938982, 0.046512
0.380000, 15.000000, 0.049375, 0.046512, 16.000000, 0.044158, 0.046512, 16.000000, 0.949027, 0.046512, 15.000000, 0.949872, 0.046512
0.400000, 15.000000, 0.048116, 0.046512, 16.000000, 0.044391, 0.046512, 16.000000, 0.947157, 0.046512, 15.000000, 0.939993, 0.046512
0.420000, 15.000000, 0.049058, 0.046512, 16.000000, 0.046566, 0.046512, 16.000000, 0.936337, 0.046512, 15.000000, 0.952756, 0.046512
0.440000, 15.000000, 0.048601, 0.046512, 16.000000, 0.042577, 0.046512, 16.000000, 0.942619, 0.046512, 15.000000, 0.929379, 0.046512
0.460000, 15.000000, 0.047775, 0.046512, 16.000000, 0.041374, 0.046512, 16.000000, 0.934858, 0.046512, 15.000000, 0.931981, 0.046512
0.480000, 15.000000, 0.047726, 0.046512, 16.000000, 0.040205, 0.046512, 16.000000, 0.940709, 0.046512, 15.000000, 0.942678, 0.046512
0.500000, 15.000000, 0.048106, 0.046512, 16.000000, 0.040360, 0.046512, 16.000000, 0.922722, 0.046512, 15.000000, 0.942724, 0.046512
0.520000, 15.000000, 0.059529, 0.046512, 16.000000, 0.040834, 0.046512, 16.000000, 0.962967, 0.046512, 15.000000, 0.917311, 0.046512
0.540000, 15.000000, 0.045622, 0.046512, 16.000000, 0.039916, 0.046512, 16.000000, 0.949387, 0.046512, 15.000000, 0.967787, 0.046512
0.560000, 15.000000, 0.046610, 0.046512, 16.000000, 0.039781, 0.046512, 16.000000, 0.953424, 0.046512, 15.000000, 0.939704, 0.046512
0.580000, 15.000000, 0.050176, 0.046512, 16.000000, 0.039998, 0.046512, 16.000000, 0.954223, 0.046512, 15.000000, 0.929597, 0.046512
0.600000, 15.000000, 0.045215, 0.046512, 16.000000, 0.038270, 0.046512, 16.000000, 0.946300, 0.046512, 15.000000, 0.936262, 0.046512
0.620000, 15.000000, 0.045157, 0.046512, 16.000000, 0.037343, 0.046512, 16.000000, 0.944404, 0.046512, 15.000000, 0.946954, 0.046512
0.640000, 15.000000, 0.043642, 0.046512, 19.000000, 0.038361, 0.023256, 16.000000, 0.949584, 0.046512, 15.000000, 0.925694, 0.046512
0.660000, 15.000000, 0.043875, 0.046512, 19.000000, 0.037005, 0.023256, 16.000000, 0.918071, 0.046512, 15.000000, 0.916239, 0.046512
0.680000, 15.000000, 0.043472, 0.046512, 19.000000, 0.035797, 0.023256, 16.000000, 0.915012, 0.046512, 15.000000, 0.952148, 0.046512
0.700000, 15.000000, 0.044628, 0.046512, 21.000000, 0.036402, 0.023256, 16.000000, 0.926703, 0.046512, 15.000000, 0.919599, 0.046512
0.720000, 15.000000, 0.046020, 0.046512, 23.000000, 0.036282, 0.046512, 16.000000, 0.923612, 0.046512, 17.000000, 0.950498, 0.046512
0.740000, 16.000000, 0.044369, 0.046512, 27.000000, 0.036987, 0.046512, 17.000000, 0.931652, 0.046512, 21.000000, 1.028120, 0.046512
0.760000, 16.000000, 0.043266, 0.046512, 27.000000, 0.036839, 0.069767, 18.000000, 0.954450, 0.046512, 22.000000, 1.030653, 0.046512
0.780000, 17.000000, 0.043181, 0.046512, 34.000000, 0.035537, 0.023256, 19.000000, 0.935413, 0.069767, 25.000000, 1.047726, 0.046512
0.800000, 18.000000, 0.043024, 0.046512, 36.000000, 0.035611, 0.023256, 19.000000, 0.955059, 0.069767, 28.000000, 1.103797, 0.046512
0.820000, 18.000000, 0.042011, 0.046512, 38.000000, 0.036252, 0.023256, 21.000000, 0.975917, 0.046512, 29.000000, 1.095888, 0.046512
0.840000, 21.000000, 0.041095, 0.046512, 41.000000, 0.035505, 0.046512, 24.000000, 0.989652, 0.023256, 32.000000, 1.131831, 0.069767
0.860000, 23.000000, 0.041414, 0.046512, 48.000000, 0.036128, 0.046512, 24.000000, 1.003319, 0.023256, 37.000000, 1.164690, 0.069767
0.880000, 26.000000, 0.041665, 0.069767, 57.000000, 0.040107, 0.046512, 30.000000, 1.071696, 0.023256, 42.000000, 1.348079, 0.046512
0.900000, 30.000000, 0.042056, 0.046512, 73.000000, 0.039542, 0.046512, 32.000000, 1.150147, 0.023256, 53.000000, 1.606663, 0.069767
0.920000, 36.000000, 0.040815, 0.046512, 80.000000, 0.039432, 0.046512, 39.000000, 1.267720, 0.046512, 63.000000, 1.926373, 0.046512
0.940000, 60.000000, 0.042390, 0.046512, 102.000000, 0.037415, 0.023256, 65.000000, 1.831457, 0.046512, 91.000000, 2.483603, 0.023256
0.960000, 68.000000, 0.051517, 0.046512, 135.000000, 0.029186, 0.023256, 73.000000, 4.211418, 0.046512, 131.000000, 3.251881, 0.023256
0.980000, 167.000000, 0.030312, 0.023256, 167.000000, 0.031991, 0.023256, 167.000000, 3.311185, 0.023256, 167.000000, 3.310252, 0.023256
