Teta = 0 
simi thres, No hyperboxes Short simi, Training time Short simi, Testing error Short simi, No hyperboxes Long simi, Training time Long simi, Testing error Long simi,                                 No hyperboxes Mid max simi, Training time Mid max simi, Testing error Mid max simi,                                No hyperboxes Mid min simi, Training time Mid min simi, Testing error Mid min simi 
0.020000, 10.000000, 0.065729, 0.000000, 10.000000, 0.076264, 0.000000, 10.000000, 1.490842, 0.000000, 10.000000, 1.270085, 0.000000
0.040000, 10.000000, 0.069077, 0.000000, 10.000000, 0.063996, 0.000000, 10.000000, 1.388109, 0.000000, 10.000000, 1.306080, 0.000000
0.060000, 10.000000, 0.062138, 0.000000, 10.000000, 0.056125, 0.000000, 10.000000, 1.364123, 0.000000, 10.000000, 1.313952, 0.000000
0.080000, 10.000000, 0.063480, 0.000000, 10.000000, 0.055449, 0.000000, 10.000000, 1.357902, 0.000000, 10.000000, 1.332665, 0.000000
0.100000, 10.000000, 0.062641, 0.000000, 10.000000, 0.058239, 0.000000, 10.000000, 1.238727, 0.000000, 10.000000, 1.290313, 0.000000
0.120000, 10.000000, 0.070714, 0.000000, 10.000000, 0.056329, 0.000000, 10.000000, 1.404334, 0.000000, 10.000000, 1.143202, 0.000000
0.140000, 10.000000, 0.056782, 0.000000, 10.000000, 0.049884, 0.000000, 10.000000, 1.563817, 0.000000, 10.000000, 1.175911, 0.000000
0.160000, 10.000000, 0.064856, 0.000000, 10.000000, 0.047331, 0.000000, 10.000000, 1.655758, 0.000000, 10.000000, 1.143645, 0.000000
0.180000, 10.000000, 0.053869, 0.000000, 10.000000, 0.048021, 0.000000, 10.000000, 1.335201, 0.000000, 10.000000, 1.124423, 0.000000
0.200000, 10.000000, 0.051773, 0.000000, 10.000000, 0.046727, 0.000000, 10.000000, 1.536467, 0.000000, 10.000000, 1.162704, 0.000000
0.220000, 10.000000, 0.069853, 0.000000, 10.000000, 0.051864, 0.000000, 10.000000, 1.348384, 0.000000, 10.000000, 1.220276, 0.000000
0.240000, 10.000000, 0.062881, 0.000000, 10.000000, 0.046094, 0.000000, 10.000000, 1.219045, 0.000000, 10.000000, 1.263144, 0.000000
0.260000, 10.000000, 0.061171, 0.000000, 10.000000, 0.050014, 0.000000, 10.000000, 1.195472, 0.000000, 10.000000, 1.192544, 0.000000
0.280000, 10.000000, 0.066585, 0.000000, 10.000000, 0.045028, 0.000000, 10.000000, 1.143662, 0.000000, 10.000000, 1.178254, 0.000000
0.300000, 10.000000, 0.067162, 0.000000, 10.000000, 0.045340, 0.000000, 10.000000, 1.315385, 0.000000, 10.000000, 1.281257, 0.000000
0.320000, 10.000000, 0.059828, 0.000000, 10.000000, 0.051237, 0.000000, 10.000000, 1.276221, 0.000000, 10.000000, 1.145240, 0.000000
0.340000, 10.000000, 0.058520, 0.000000, 10.000000, 0.054246, 0.000000, 10.000000, 1.178155, 0.000000, 10.000000, 1.124727, 0.000000
0.360000, 10.000000, 0.063810, 0.000000, 10.000000, 0.051655, 0.000000, 10.000000, 1.135471, 0.000000, 10.000000, 1.133699, 0.000000
0.380000, 10.000000, 0.056130, 0.000000, 10.000000, 0.050735, 0.000000, 10.000000, 1.254461, 0.000000, 10.000000, 1.142490, 0.000000
0.400000, 10.000000, 0.057073, 0.000000, 10.000000, 0.051441, 0.000000, 10.000000, 1.228077, 0.000000, 10.000000, 1.123002, 0.000000
0.420000, 10.000000, 0.059108, 0.000000, 10.000000, 0.048063, 0.000000, 10.000000, 1.322760, 0.000000, 10.000000, 1.150532, 0.000000
0.440000, 10.000000, 0.055328, 0.000000, 10.000000, 0.057761, 0.000000, 10.000000, 1.258761, 0.000000, 10.000000, 1.147468, 0.000000
0.460000, 10.000000, 0.063613, 0.000000, 10.000000, 0.047900, 0.000000, 10.000000, 1.285575, 0.000000, 10.000000, 1.125987, 0.000000
0.480000, 10.000000, 0.055524, 0.000000, 10.000000, 0.042297, 0.000000, 10.000000, 1.257671, 0.000000, 10.000000, 1.118605, 0.000000
0.500000, 10.000000, 0.052738, 0.000000, 10.000000, 0.042556, 0.000000, 10.000000, 1.132303, 0.000000, 10.000000, 1.133015, 0.000000
0.520000, 10.000000, 0.055520, 0.000000, 10.000000, 0.040656, 0.000000, 10.000000, 1.207733, 0.000000, 10.000000, 1.111135, 0.000000
0.540000, 10.000000, 0.057552, 0.000000, 10.000000, 0.040561, 0.000000, 10.000000, 1.181938, 0.000000, 10.000000, 1.116194, 0.000000
0.560000, 10.000000, 0.054338, 0.000000, 10.000000, 0.038570, 0.000000, 10.000000, 1.200728, 0.000000, 10.000000, 1.195920, 0.000000
0.580000, 10.000000, 0.063563, 0.000000, 10.000000, 0.038952, 0.000000, 10.000000, 1.180171, 0.000000, 10.000000, 1.236353, 0.000000
0.600000, 10.000000, 0.053777, 0.000000, 10.000000, 0.038323, 0.000000, 10.000000, 1.188770, 0.000000, 10.000000, 1.228598, 0.000000
0.620000, 10.000000, 0.054383, 0.000000, 10.000000, 0.038744, 0.000000, 10.000000, 1.146785, 0.000000, 10.000000, 1.141766, 0.000000
0.640000, 10.000000, 0.051463, 0.000000, 10.000000, 0.038760, 0.000000, 10.000000, 1.132584, 0.000000, 10.000000, 1.197934, 0.000000
0.660000, 10.000000, 0.051037, 0.000000, 10.000000, 0.038708, 0.000000, 10.000000, 1.245530, 0.000000, 10.000000, 1.274012, 0.000000
0.680000, 10.000000, 0.051069, 0.000000, 12.000000, 0.037320, 0.000000, 10.000000, 1.252495, 0.000000, 10.000000, 1.179227, 0.000000
0.700000, 10.000000, 0.053441, 0.000000, 13.000000, 0.037865, 0.000000, 10.000000, 1.298158, 0.000000, 10.000000, 1.180464, 0.000000
0.720000, 10.000000, 0.053875, 0.000000, 14.000000, 0.038600, 0.000000, 10.000000, 1.191429, 0.000000, 10.000000, 1.151175, 0.000000
0.740000, 10.000000, 0.051634, 0.000000, 14.000000, 0.037740, 0.000000, 10.000000, 1.184076, 0.000000, 11.000000, 1.146276, 0.000000
0.760000, 10.000000, 0.059283, 0.000000, 14.000000, 0.038215, 0.000000, 10.000000, 1.176273, 0.000000, 11.000000, 1.188700, 0.000000
0.780000, 10.000000, 0.049146, 0.000000, 14.000000, 0.040107, 0.000000, 10.000000, 1.203516, 0.000000, 12.000000, 1.151675, 0.000000
0.800000, 10.000000, 0.050352, 0.000000, 16.000000, 0.039459, 0.000000, 10.000000, 1.229039, 0.000000, 14.000000, 1.483131, 0.000000
0.820000, 10.000000, 0.050804, 0.000000, 18.000000, 0.038830, 0.000000, 10.000000, 1.198546, 0.000000, 15.000000, 1.270131, 0.000000
0.840000, 10.000000, 0.055712, 0.000000, 19.000000, 0.039334, 0.000000, 11.000000, 1.185175, 0.000000, 15.000000, 1.164947, 0.000000
0.860000, 10.000000, 0.056302, 0.000000, 21.000000, 0.040099, 0.000000, 13.000000, 1.198287, 0.000000, 18.000000, 1.232937, 0.000000
0.880000, 10.000000, 0.055602, 0.000000, 24.000000, 0.050563, 0.000000, 13.000000, 1.198499, 0.000000, 20.000000, 1.197078, 0.000000
0.900000, 11.000000, 0.047251, 0.000000, 29.000000, 0.056480, 0.000000, 16.000000, 1.225223, 0.000000, 23.000000, 1.250187, 0.000000
0.920000, 15.000000, 0.060181, 0.000000, 34.000000, 0.047561, 0.000000, 20.000000, 1.242760, 0.000000, 27.000000, 1.351006, 0.000000
0.940000, 26.000000, 0.053308, 0.000000, 42.000000, 0.046970, 0.000000, 28.000000, 1.484967, 0.000000, 37.000000, 1.487299, 0.000000
0.960000, 37.000000, 0.054074, 0.000000, 58.000000, 0.048176, 0.000000, 39.000000, 1.979736, 0.000000, 46.000000, 1.665397, 0.000000
0.980000, 43.000000, 0.054699, 0.000000, 86.000000, 0.044032, 0.000000, 57.000000, 1.985572, 0.000000, 74.000000, 2.102230, 0.000000
