3.51,8.23,5
1.15,7.98,5
0.36,9.5,5
0.75,8.45,5
0.73,8.27,5
-0.1,7.94,5
-0.18,6.3,5
3.26,6.88,5
-0.88,7.83,5
-1.9,7.67,5
2.69,8.71,5
-0.27,8.91,5
2.44,9.5,5
-1.01,8.5,5
-0.89,9.21,5
3.21,7.17,5
1.35,7.64,5
-0.03,8.47,5
3.28,7.86,5
-0.01,7.68,5
3.19,8.95,5
-0.54,8.18,5
0.39,7.13,5
2.75,9.17,5
0.08,7.1,5
-0.42,7.61,5
-1.24,7.36,5
-1.87,8.33,5
-1.38,8.78,5
-0.83,8.1,5
0.64,6.72,5
-0.15,6.55,5
0.36,8.75,5
-0.63,6.76,5
1.37,7.87,5
-1.7,8.83,5
2.58,8.09,5
0.18,7.66,5
-1.26,7.62,5
1.37,9.06,5
-0.09,6.72,5
2.72,8.73,5
-0.03,9.43,5
2.38,6.71,5
-0.5,9.21,5
-1.18,6.92,5
-1.68,7.51,5
0.17,9.49,5
1.28,7.82,5
0.31,6.54,5
6.23,3.1,6
6.77,4.38,6
7.09,3.27,6
2.45,4.39,6
6.59,4.56,6
4.22,2.94,6
3.66,5.42,6
2.96,5,6
5.64,4.64,6
3.12,5.01,6
5.39,5.66,6
3.84,5.67,6
3.47,2.65,6
6.53,3.05,6
4.3,3.71,6
3.38,4.3,6
5.03,2.61,6
5.23,5.38,6
7.11,3.54,6
2.55,3.35,6
6.39,2.91,6
5.97,4.79,6
3.57,3.75,6
2.96,3.88,6
5.74,5.3,6
3.13,5.29,6
6.22,3.43,6
4.95,3.88,6
5.42,2.29,6
3.42,3.83,6
4.3,4.15,6
2.97,3.89,6
2.73,4.98,6
4.12,3.66,6
6.13,3.26,6
4.91,2.3,6
2.9,5.06,6
2.35,3.55,6
7.36,4.95,6
5.71,2.66,6
6.56,4.28,6
3.65,5.28,6
6.44,2.52,6
3.1,2.9,6
3.72,3.89,6
3.77,3.29,6
6.1,2.2,6
3.9,3.49,6
4.12,4.97,6
3.8,3.71,6
0.74,-5.26,7
-0.22,-6.19,7
-1.44,-6.59,7
-1.81,-6.49,7
0.54,-5.04,7
-3.06,-7.39,7
0.14,-6.69,7
-1.81,-7.64,7
-3.01,-5.02,7
-3.8,-4.65,7
-0.96,-5.37,7
-1.51,-4.37,7
-1.28,-7.34,7
-4.64,-5.19,7
-2.34,-7.03,7
-4.69,-6.23,7
0.09,-6.91,7
-1.14,-6.33,7
-1.91,-4.32,7
-0.82,-4.39,7
-4.51,-5.64,7
-3.06,-4.23,7
0.8,-6.32,7
-1.87,-5.2,7
-1.5,-6.57,7
-0.79,-4.58,7
-0.38,-5.96,7
-4.15,-6.54,7
-3.4,-7.2,7
-0.32,-6.29,7
-2.73,-4.26,7
-3.34,-5.03,7
0.1,-4.95,7
-1.17,-4.98,7
-2.93,-5.28,7
-3.71,-6.66,7
-0.27,-7.33,7
-3.05,-7.13,7
-3.03,-7.27,7
-1.8,-7.12,7
-2.04,-4.33,7
-2.72,-4.49,7
-3.25,-5.96,7
-3.86,-7.34,7
-0.34,-6.89,7
0.28,-7.09,7
-3.83,-7.1,7
-2.24,-5.96,7
-0.44,-7.1,7
-3.06,-4.57,7
0.57,1.59,3
-1.1,0.14,3
-0.46,-1.79,3
2.72,-0.34,3
0.97,-0.3,3
0.45,-1.17,3
-1.24,-0.78,3
1.82,0.34,3
0.86,1.69,3
-0.76,-1.92,3
0.26,-0.42,3
1.93,-1.25,3
0.45,0.1,3
-2,0.1,3
2.24,0.82,3
-1.12,1.84,3
1.67,0.82,3
-0.64,-1.36,3
-1.17,1.43,3
0.24,-1.9,3
1.26,-1.43,3
-0.68,0.03,3
-2.25,-1.11,3
-0.6,-1.72,3
1.25,0.68,3
-0.71,-1.38,3
0.61,-1.83,3
-1.27,0.98,3
-1.78,-0.14,3
0.26,-1.05,3
1.49,1.3,3
-2.67,-0.53,3
1.22,-1.52,3
-0.76,1.62,3
-0.26,-0.74,3
-0.64,0.39,3
2.66,0.22,3
-0.62,-0.75,3
1.75,0.4,3
2.69,-0.21,3
0.6,-1.84,3
-0.19,1.94,3
-2.72,0.76,3
-2.34,0.73,3
-0.08,-0.06,3
-0.71,0.75,3
1.62,0.3,3
0.03,1.58,3
-1.34,0.95,3
-1.93,1.32,3
8.4,0.95,2
12.67,-0.43,2
11.25,-1.81,2
11.74,-0.54,2
11.83,0.55,2
10.2,-0.81,2
8.66,-1.11,2
9.32,-1.42,2
10.37,-0.59,2
9.23,0.43,2
11.26,-1.32,2
12.18,-0.46,2
9.15,-1.48,2
9.94,0.34,2
11.77,-0.88,2
11.81,0.31,2
13.06,0.02,2
12.45,-0.7,2
10.91,-0.86,2
8.85,-0.51,2
10.34,0.15,2
9.99,-0.31,2
11.09,1.02,2
13.07,1.08,2
10.23,-1.75,2
9.04,1.05,2
12.25,-0.38,2
9.91,0.62,2
9.13,0.24,2
11.69,0.28,2
12.58,0.69,2
9.23,-0.66,2
10.49,-0.05,2
12.34,-0.87,2
8.89,0.78,2
8.07,0.3,2
12,0.8,2
12.82,-1.32,2
10.06,-0.04,2
10.62,0.68,2
9.72,0.32,2
10.6,-1.34,2
8.38,0.14,2
12.29,0.89,2
10.05,-1.03,2
11.3,1.54,2
10.07,0.98,2
10.07,-1.09,2
13.66,-0.87,2
8.46,1.07,2
-11.64,1.37,10
-10.71,-0.95,10
-12.22,0.62,10
-10.64,0.57,10
-10.93,0.41,10
-11.43,0.62,10
-13.04,1.65,10
-9.74,-0.11,10
-10.69,-1.03,10
-10.95,-0.37,10
-11.04,1.41,10
-11.99,0.33,10
-9.75,1.04,10
-9.69,1.27,10
-10.24,0.13,10
-9.84,-0.18,10
-11.56,-1.1,10
-13.34,1.65,10
-10.35,-1.05,10
-11.92,1.42,10
-13.35,-1.19,9
-10.4,-0.58,10
-11.87,-0.02,10
-10.62,-1.66,10
-10.73,-0.57,10
-12.86,-0.97,9
-10.38,-0.43,10
-9.63,-1.21,10
-12.67,1.68,10
-10.83,0,10
-11.1,0.29,10
-9.78,-1.14,10
-9.8,1.11,10
-10.97,0.73,10
-9.59,-0.87,10
-12.25,1.35,10
-11.72,-1.82,10
-9.69,0.46,10
-10.09,-1.03,10
-12.67,-1.27,9
-9.43,-0.86,10
-12.62,0.78,10
-10.74,0.53,10
-10.74,-1.52,10
-9.07,0.08,10
-13.53,-0.73,9
-10.37,-1.61,10
-12.09,1.71,10
-11.46,0.73,10
-9.31,0.03,10
7.18,9.04,4
5.82,8.79,4
6.97,11.86,4
5.75,9.03,4
6.76,9.48,4
9.28,10.41,4
8.22,11.69,4
6.59,8.8,4
8.38,8.71,4
5.71,9.23,4
9.12,10.29,4
10.22,10.54,4
6.78,10.07,4
6.6,10.11,4
8.04,8.51,4
6.1,9.34,4
10.67,9.58,4
6.43,9.5,4
5.38,9.55,4
6.54,10.07,4
5.82,10.07,4
10.18,9.18,4
5.36,10.12,4
7.81,8.68,4
5.62,9.1,4
8.48,8.95,4
7.79,10.12,4
9.36,9.48,4
8.27,9.74,4
10,10.04,4
5.5,10.49,4
9.76,8.47,4
7.58,11.9,4
10.5,10.88,4
10.23,9.9,4
7.6,11.41,4
6.87,9.26,4
8.05,8.02,4
6.38,11.31,4
6.59,8.6,4
5.89,9.83,4
10.9,9.58,4
10.84,10.42,4
10.08,9.68,4
8.17,10.86,4
10.35,9.36,4
6.01,9.17,4
9.6,11.25,4
6.51,9.79,4
9.25,8.77,4
12.4,3.31,1
15.47,2.23,1
15.06,1.62,1
12.71,3.93,1
17.59,2.61,1
13.96,3.05,1
17.51,2.37,1
13.47,3.63,1
16.56,3.13,1
13.99,1.71,1
17.04,1.81,1
14.35,4.39,1
16.72,3.98,1
16.15,1.92,1
17.87,2.99,1
13.09,2.1,1
17.26,2.16,1
15.78,4.6,1
13,2.13,1
13.77,1.46,1
14.89,2.92,1
17.43,3.72,1
17.77,2.69,1
16.98,2.6,1
17.39,3.18,1
14.65,4.43,1
12.7,3.55,1
15.68,3.58,1
13.03,2.59,1
16.16,4.09,1
13.04,2.97,1
15.04,1.1,1
13.68,3.41,1
16.19,4.36,1
16.9,3.12,1
16.3,3.44,1
14.04,4.03,1
16.58,2.88,1
16.22,4.05,1
13.37,1.83,1
13.34,1.34,1
17,2.2,1
16.35,3.61,1
16.19,1.98,1
13.54,4.16,1
16.45,1.48,1
16.57,2.9,1
17.15,1.95,1
16.5,3.1,1
13.45,4.22,1
-17.15,-1.94,9
-15.84,-4.15,9
-15.42,-1.77,9
-15.88,-4.2,9
-16.26,-3.35,9
-13.71,-3.24,9
-15.19,-1.71,9
-17.64,-3.9,9
-15.82,-3.47,9
-13.85,-4.61,9
-13.01,-3.64,9
-15.98,-3.49,9
-17.27,-4.29,9
-15.09,-3.65,9
-16.18,-2.44,9
-16.13,-1.47,9
-12.34,-2.87,9
-14.55,-4.11,9
-16.81,-3.41,9
-15.8,-3.63,9
-14.44,-1.84,9
-17.78,-3.31,9
-14.9,-4.27,9
-17.2,-4.32,9
-13.01,-3.99,9
-13.74,-2.83,9
-12.18,-2.92,9
-14.23,-2.26,9
-16.51,-3.37,9
-13.42,-2.78,9
-14.31,-2.18,9
-13.63,-4.24,9
-16.18,-3.5,9
-14.46,-2.32,9
-15.08,-4,9
-16.1,-3.55,9
-15.69,-1.1,9
-17.39,-3.1,9
-15.85,-1.94,9
-15.74,-3.54,9
-14.06,-1.3,9
-15.92,-4.38,9
-12.78,-2.33,9
-13.12,-3.82,9
-12.94,-3.46,9
-17.66,-2.42,9
-13.37,-1.88,9
-14.38,-2.81,9
-16.39,-2.04,9
-13.94,-4.29,9
-5.1,2.07,8
-9.66,2.24,8
-6.91,2.66,8
-7.19,3.22,8
-5.2,2.76,8
-7.76,1.88,8
-4.65,4.2,8
-4.36,2.86,8
-7.5,4.16,8
-9.62,2.82,8
-7.37,2.25,8
-4.58,3.41,8
-7.8,1.62,8
-9.26,2.93,8
-9.11,2.78,8
-5.27,3.19,8
-4.36,3.25,8
-4.55,2.85,8
-9.05,2.72,8
-7.46,1.85,8
-7.71,2.2,8
-4.48,2.9,8
-8.91,3.16,8
-8.7,4.34,8
-9.77,3.49,8
-8.36,3.63,8
-9.3,2.03,8
-6.03,3.55,8
-5.5,2.07,8
-8.12,2.91,8
-6.83,2.15,8
-5.19,2.13,8
-8.37,1.31,8
-7.15,4.51,8
-7.81,3.17,8
-7.97,3.8,8
-7.31,1.38,8
-5.07,3.48,8
-5.3,3.19,8
-9.83,2.83,8
-7.1,5,8
-4.93,3,8
-5.28,4.25,8
-6.12,1.61,8
-6.61,1.17,8
-6.19,2.09,8
-8.57,3.76,8
-8.44,2.62,8
-7.33,1.8,8
-6.85,4.63,8
