Teta = 0 
simi thres, No hyperboxes Short simi, Training time Short simi, Testing error Short simi, No hyperboxes Long simi, Training time Long simi, Testing error Long simi,                                 No hyperboxes Mid max simi, Training time Mid max simi, Testing error Mid max simi,                                No hyperboxes Mid min simi, Training time Mid min simi, Testing error Mid min simi 
0.020000, 40.000000, 32.621968, 0.015000, 40.000000, 33.839356, 0.015000, 42.000000, 28.011492, 0.020000, 39.000000, 27.984505, 0.015000
0.040000, 40.000000, 33.086425, 0.015000, 40.000000, 35.115952, 0.015000, 42.000000, 28.279404, 0.020000, 39.000000, 27.935801, 0.015000
0.060000, 40.000000, 33.026735, 0.015000, 40.000000, 34.858278, 0.015000, 42.000000, 28.017695, 0.020000, 39.000000, 27.912277, 0.015000
0.080000, 40.000000, 33.118935, 0.015000, 40.000000, 32.201888, 0.015000, 42.000000, 28.045450, 0.020000, 39.000000, 27.703662, 0.015000
0.100000, 40.000000, 32.712486, 0.015000, 40.000000, 35.587836, 0.015000, 42.000000, 30.488972, 0.020000, 39.000000, 27.656471, 0.015000
0.120000, 40.000000, 32.629435, 0.015000, 40.000000, 31.752435, 0.015000, 42.000000, 29.020036, 0.020000, 39.000000, 27.394420, 0.015000
0.140000, 40.000000, 32.566829, 0.015000, 40.000000, 31.757275, 0.015000, 42.000000, 28.559402, 0.020000, 39.000000, 27.417399, 0.015000
0.160000, 40.000000, 32.458960, 0.015000, 40.000000, 31.591015, 0.015000, 42.000000, 28.483728, 0.020000, 39.000000, 27.297607, 0.015000
0.180000, 40.000000, 32.110321, 0.015000, 40.000000, 44.059890, 0.015000, 42.000000, 28.479750, 0.020000, 39.000000, 27.152004, 0.015000
0.200000, 40.000000, 32.042476, 0.015000, 40.000000, 40.381852, 0.015000, 42.000000, 28.231620, 0.020000, 39.000000, 27.051834, 0.015000
0.220000, 40.000000, 31.584536, 0.015000, 40.000000, 27.474200, 0.015000, 42.000000, 28.307613, 0.020000, 39.000000, 27.644132, 0.015000
0.240000, 40.000000, 31.601315, 0.015000, 40.000000, 27.251580, 0.015000, 42.000000, 27.774409, 0.020000, 39.000000, 27.518523, 0.015000
0.260000, 40.000000, 31.277657, 0.015000, 40.000000, 27.115986, 0.015000, 42.000000, 28.046399, 0.020000, 39.000000, 27.566667, 0.015000
0.280000, 40.000000, 31.427449, 0.015000, 40.000000, 27.357248, 0.015000, 42.000000, 27.734344, 0.020000, 39.000000, 27.381913, 0.015000
0.300000, 40.000000, 31.833318, 0.015000, 40.000000, 27.244736, 0.015000, 42.000000, 27.838999, 0.020000, 39.000000, 27.352303, 0.015000
0.320000, 40.000000, 31.243759, 0.015000, 40.000000, 26.640957, 0.015000, 42.000000, 27.971190, 0.020000, 39.000000, 27.140584, 0.015000
0.340000, 40.000000, 30.697100, 0.015000, 40.000000, 26.566910, 0.015000, 42.000000, 27.422855, 0.020000, 39.000000, 27.080130, 0.015000
0.360000, 40.000000, 31.365174, 0.015000, 40.000000, 26.493346, 0.015000, 42.000000, 27.351876, 0.020000, 39.000000, 27.055200, 0.015000
0.380000, 40.000000, 32.131742, 0.015000, 40.000000, 26.207982, 0.015000, 42.000000, 27.245738, 0.020000, 39.000000, 27.017664, 0.015000
0.400000, 40.000000, 31.767173, 0.015000, 40.000000, 26.212185, 0.015000, 42.000000, 27.016510, 0.020000, 39.000000, 26.760092, 0.015000
0.420000, 40.000000, 31.185519, 0.015000, 40.000000, 26.100091, 0.015000, 42.000000, 27.010545, 0.020000, 39.000000, 26.804082, 0.015000
0.440000, 40.000000, 31.840800, 0.015000, 40.000000, 25.917229, 0.015000, 42.000000, 27.013464, 0.020000, 39.000000, 27.490507, 0.015000
0.460000, 40.000000, 31.735443, 0.015000, 40.000000, 25.847497, 0.015000, 42.000000, 26.784441, 0.020000, 39.000000, 26.675226, 0.015000
0.480000, 40.000000, 31.320890, 0.015000, 40.000000, 25.661356, 0.015000, 42.000000, 26.783525, 0.020000, 39.000000, 26.505177, 0.015000
0.500000, 40.000000, 31.254407, 0.015000, 40.000000, 25.465681, 0.015000, 42.000000, 26.516030, 0.020000, 39.000000, 26.382794, 0.015000
0.520000, 40.000000, 30.686583, 0.015000, 40.000000, 26.008160, 0.015000, 42.000000, 26.775977, 0.020000, 39.000000, 26.128845, 0.015000
0.540000, 40.000000, 30.454026, 0.015000, 40.000000, 25.274423, 0.015000, 42.000000, 26.381978, 0.020000, 39.000000, 26.279055, 0.015000
0.560000, 40.000000, 31.186544, 0.015000, 40.000000, 25.024751, 0.015000, 42.000000, 25.083041, 0.020000, 39.000000, 25.876015, 0.015000
0.580000, 40.000000, 29.959787, 0.015000, 40.000000, 25.211106, 0.015000, 42.000000, 25.182137, 0.020000, 39.000000, 25.840016, 0.015000
0.600000, 40.000000, 29.367075, 0.015000, 40.000000, 24.830808, 0.015000, 42.000000, 24.759248, 0.020000, 39.000000, 25.571222, 0.015000
0.620000, 40.000000, 29.239215, 0.015000, 41.000000, 24.604528, 0.015000, 42.000000, 24.733574, 0.020000, 39.000000, 25.711077, 0.015000
0.640000, 40.000000, 29.003688, 0.015000, 42.000000, 24.579949, 0.015000, 42.000000, 24.524360, 0.020000, 39.000000, 25.261425, 0.015000
0.660000, 40.000000, 29.460115, 0.015000, 45.000000, 24.395748, 0.015000, 42.000000, 24.425456, 0.020000, 39.000000, 25.424220, 0.015000
0.680000, 40.000000, 28.954500, 0.015000, 47.000000, 24.239334, 0.015000, 42.000000, 24.264285, 0.020000, 40.000000, 25.022021, 0.015000
0.700000, 40.000000, 28.566123, 0.015000, 48.000000, 23.998566, 0.015000, 42.000000, 24.324170, 0.020000, 40.000000, 24.707606, 0.015000
0.720000, 40.000000, 28.516326, 0.015000, 49.000000, 23.893576, 0.015000, 42.000000, 24.158601, 0.020000, 40.000000, 24.620106, 0.015000
0.740000, 41.000000, 28.376389, 0.015000, 50.000000, 23.663088, 0.015000, 42.000000, 23.733663, 0.020000, 40.000000, 24.542255, 0.015000
0.760000, 41.000000, 31.526794, 0.015000, 53.000000, 24.050366, 0.015000, 43.000000, 23.744481, 0.020000, 40.000000, 24.355020, 0.015000
0.780000, 41.000000, 29.415234, 0.015000, 59.000000, 23.444188, 0.020000, 43.000000, 23.433765, 0.020000, 40.000000, 24.178163, 0.015000
0.800000, 41.000000, 29.556032, 0.015000, 64.000000, 23.185621, 0.020000, 43.000000, 23.425203, 0.020000, 42.000000, 24.129088, 0.015000
0.820000, 41.000000, 29.227607, 0.015000, 69.000000, 23.087394, 0.020000, 43.000000, 23.297321, 0.020000, 44.000000, 24.007372, 0.020000
0.840000, 41.000000, 29.371409, 0.015000, 79.000000, 22.869112, 0.025000, 43.000000, 23.163558, 0.020000, 48.000000, 23.771914, 0.020000
0.860000, 42.000000, 32.831645, 0.025000, 90.000000, 22.676797, 0.025000, 44.000000, 23.073159, 0.020000, 57.000000, 23.621329, 0.020000
0.880000, 42.000000, 31.872593, 0.025000, 103.000000, 22.508101, 0.030000, 47.000000, 22.907964, 0.020000, 69.000000, 23.327379, 0.020000
0.900000, 42.000000, 29.682462, 0.025000, 130.000000, 22.331997, 0.030000, 50.000000, 22.751010, 0.025000, 80.000000, 23.415220, 0.025000
0.920000, 42.000000, 29.887001, 0.025000, 161.000000, 21.962847, 0.025000, 54.000000, 22.778902, 0.020000, 106.000000, 24.210616, 0.025000
0.940000, 42.000000, 27.163180, 0.025000, 215.000000, 21.496511, 0.025000, 68.000000, 22.643646, 0.020000, 162.000000, 22.748903, 0.025000
0.960000, 54.000000, 27.874069, 0.025000, 333.000000, 19.971519, 0.035000, 108.000000, 22.448050, 0.025000, 293.000000, 21.261625, 0.035000
0.980000, 311.000000, 25.679249, 0.030000, 531.000000, 14.418302, 0.030000, 433.000000, 17.699163, 0.030000, 526.000000, 15.151135, 0.030000
