Teta = 0 
simi thres, No hyperboxes Short simi, Training time Short simi, Testing error Short simi, No hyperboxes Long simi, Training time Long simi, Testing error Long simi,                                 No hyperboxes Mid max simi, Training time Mid max simi, Testing error Mid max simi,                                No hyperboxes Mid min simi, Training time Mid min simi, Testing error Mid min simi 
0.020000, 27.000000, 348.620779, 0.000000, 23.000000, 352.728972, 0.000000, 23.000000, 352.778064, 0.000000, 23.000000, 325.138701, 0.000000
0.040000, 27.000000, 347.809120, 0.000000, 23.000000, 355.928766, 0.000000, 23.000000, 349.054573, 0.000000, 23.000000, 1378.615439, 0.000000
0.060000, 27.000000, 357.429985, 0.000000, 23.000000, 352.879181, 0.000000, 23.000000, 347.590771, 0.000000, 23.000000, 326.275501, 0.000000
0.080000, 27.000000, 351.095070, 0.000000, 23.000000, 354.164735, 0.000000, 23.000000, 349.859446, 0.000000, 23.000000, 326.478063, 0.000000
0.100000, 27.000000, 352.469652, 0.000000, 23.000000, 351.701439, 0.000000, 23.000000, 355.142544, 0.000000, 23.000000, 326.601425, 0.000000
0.120000, 27.000000, 349.284677, 0.000000, 23.000000, 364.147301, 0.000000, 23.000000, 356.401953, 0.000000, 23.000000, 325.601968, 0.000000
0.140000, 27.000000, 349.896277, 0.000000, 23.000000, 358.762447, 0.000000, 23.000000, 349.126999, 0.000000, 23.000000, 324.650636, 0.000000
0.160000, 27.000000, 347.839972, 0.000000, 23.000000, 365.490042, 0.000000, 23.000000, 323.620000, 0.000000, 23.000000, 325.788340, 0.000000
0.180000, 27.000000, 347.601876, 0.000000, 23.000000, 366.178309, 0.000000, 23.000000, 323.159758, 0.000000, 23.000000, 326.876601, 0.000000
0.200000, 27.000000, 343.796310, 0.000000, 23.000000, 369.495486, 0.000000, 23.000000, 323.198497, 0.000000, 23.000000, 325.295741, 0.000000
0.220000, 27.000000, 352.778739, 0.000000, 23.000000, 365.494481, 0.000000, 23.000000, 323.511690, 0.000000, 23.000000, 324.396237, 0.000000
0.240000, 27.000000, 342.632313, 0.000000, 23.000000, 371.534878, 0.000000, 23.000000, 322.950698, 0.000000, 23.000000, 324.440754, 0.000000
0.260000, 27.000000, 345.893180, 0.000000, 23.000000, 367.412785, 0.000000, 23.000000, 322.843217, 0.000000, 23.000000, 324.223794, 0.000000
0.280000, 27.000000, 348.868784, 0.000000, 23.000000, 369.299730, 0.000000, 23.000000, 322.777732, 0.000000, 23.000000, 323.772508, 0.000000
0.300000, 27.000000, 350.604933, 0.000000, 23.000000, 365.048679, 0.000000, 23.000000, 322.205185, 0.000000, 23.000000, 323.724353, 0.000000
0.320000, 27.000000, 369.664577, 0.000000, 23.000000, 366.323357, 0.000000, 23.000000, 321.908865, 0.000000, 23.000000, 323.385764, 0.000000
0.340000, 27.000000, 368.040070, 0.000000, 23.000000, 348.977383, 0.000000, 23.000000, 323.478468, 0.000000, 23.000000, 322.866256, 0.000000
0.360000, 27.000000, 359.777560, 0.000000, 23.000000, 343.909910, 0.000000, 23.000000, 320.817758, 0.000000, 23.000000, 321.876432, 0.000000
0.380000, 27.000000, 366.601955, 0.000000, 23.000000, 339.748833, 0.000000, 23.000000, 320.066901, 0.000000, 23.000000, 322.208877, 0.000000
0.400000, 27.000000, 364.525553, 0.000000, 23.000000, 338.265952, 0.000000, 23.000000, 320.101612, 0.000000, 23.000000, 323.140315, 0.000000
0.420000, 27.000000, 369.120254, 0.000000, 23.000000, 337.480783, 0.000000, 23.000000, 319.058937, 0.000000, 23.000000, 321.908146, 0.000000
0.440000, 27.000000, 354.403624, 0.000000, 23.000000, 342.068564, 0.000000, 23.000000, 318.252222, 0.000000, 23.000000, 320.576889, 0.000000
0.460000, 27.000000, 347.205705, 0.000000, 23.000000, 360.986244, 0.000000, 23.000000, 318.042053, 0.000000, 23.000000, 318.810765, 0.000000
0.480000, 27.000000, 346.328804, 0.000000, 23.000000, 352.866336, 0.000000, 23.000000, 316.705007, 0.000000, 23.000000, 318.532010, 0.000000
0.500000, 27.000000, 356.069165, 0.000000, 23.000000, 357.273787, 0.000000, 23.000000, 315.416935, 0.000000, 23.000000, 317.380983, 0.000000
0.520000, 27.000000, 363.702641, 0.000000, 23.000000, 361.379937, 0.000000, 23.000000, 314.578026, 0.000000, 23.000000, 316.352765, 0.000000
0.540000, 27.000000, 352.052874, 0.000000, 23.000000, 358.250611, 0.000000, 23.000000, 313.767523, 0.000000, 23.000000, 315.088946, 0.000000
0.560000, 27.000000, 352.203695, 0.000000, 23.000000, 358.602603, 0.000000, 23.000000, 312.116013, 0.000000, 23.000000, 314.537761, 0.000000
0.580000, 27.000000, 350.904243, 0.000000, 23.000000, 354.380946, 0.000000, 23.000000, 311.252227, 0.000000, 23.000000, 313.602886, 0.000000
0.600000, 27.000000, 350.388252, 0.000000, 23.000000, 353.421527, 0.000000, 23.000000, 309.225221, 0.000000, 23.000000, 311.677296, 0.000000
0.620000, 27.000000, 345.736157, 0.000000, 23.000000, 352.245641, 0.000000, 23.000000, 306.923515, 0.000000, 23.000000, 309.291448, 0.000000
0.640000, 27.000000, 355.773605, 0.000000, 23.000000, 347.194094, 0.000000, 23.000000, 304.719845, 0.000000, 23.000000, 306.786745, 0.000000
0.660000, 27.000000, 345.424385, 0.000000, 24.000000, 339.723106, 0.000000, 23.000000, 301.173531, 0.000000, 23.000000, 303.829943, 0.000000
0.680000, 27.000000, 335.300361, 0.000000, 25.000000, 314.656376, 0.000000, 23.000000, 298.294391, 0.000000, 23.000000, 300.741131, 0.000000
0.700000, 27.000000, 324.022279, 0.000000, 26.000000, 315.939248, 0.000000, 23.000000, 295.667561, 0.000000, 23.000000, 298.379776, 0.000000
0.720000, 27.000000, 320.211674, 0.000000, 27.000000, 320.769491, 0.000000, 23.000000, 292.587822, 0.000000, 23.000000, 295.453646, 0.000000
0.740000, 27.000000, 318.106913, 0.000000, 32.000000, 305.577807, 0.000000, 23.000000, 290.401929, 0.000000, 23.000000, 293.323718, 0.000000
0.760000, 27.000000, 316.245543, 0.000000, 32.000000, 300.405064, 0.000000, 23.000000, 288.791601, 0.000000, 23.000000, 290.132259, 0.000000
0.780000, 27.000000, 328.771753, 0.000000, 33.000000, 301.319516, 0.000000, 23.000000, 285.103877, 0.000000, 23.000000, 288.230447, 0.000000
0.800000, 27.000000, 311.551363, 0.000000, 39.000000, 305.432985, 0.000000, 24.000000, 282.729405, 0.000000, 24.000000, 285.451299, 0.000000
0.820000, 27.000000, 307.506005, 0.000000, 40.000000, 305.080456, 0.000000, 24.000000, 283.961582, 0.000000, 24.000000, 283.091075, 0.000000
0.840000, 27.000000, 304.179882, 0.000000, 47.000000, 300.105318, 0.000000, 28.000000, 11653.448541, 0.000000, 28.000000, 281.114394, 0.000000
0.860000, 27.000000, 301.141677, 0.000000, 56.000000, 300.013796, 0.000000, 31.000000, 291.585018, 0.000000, 31.000000, 279.275083, 0.000000
0.880000, 27.000000, 302.748448, 0.000000, 66.000000, 298.288907, 0.000000, 34.000000, 297.744948, 0.000000, 34.000000, 277.181006, 0.000000
0.900000, 27.000000, 297.294458, 0.000000, 96.000000, 291.771910, 0.000000, 46.000000, 292.706749, 0.000000, 46.000000, 274.177108, 0.000000
0.920000, 27.000000, 297.818358, 0.000000, 138.000000, 285.957353, 0.000000, 60.000000, 272.204190, 0.000000, 60.000000, 270.909701, 0.000000
0.940000, 27.000000, 298.640398, 0.000000, 214.000000, 287.665685, 0.000000, 101.000000, 267.611331, 0.000000, 101.000000, 268.469207, 0.000000
0.960000, 27.000000, 296.300266, 0.000000, 355.000000, 279.892600, 0.000000, 185.000000, 264.312120, 0.000000, 185.000000, 266.009870, 0.000000
0.980000, 27.000000, 295.520168, 0.000000, 753.000000, 265.970832, 0.000000, 491.000000, 258.591592, 0.000000, 491.000000, 259.754925, 0.000000
