Teta = 0 
simi thres, No hyperboxes Short simi, Training time Short simi, Testing error Short simi, No hyperboxes Long simi, Training time Long simi, Testing error Long simi,                                 No hyperboxes Mid max simi, Training time Mid max simi, Testing error Mid max simi,                                No hyperboxes Mid min simi, Training time Mid min simi, Testing error Mid min simi 
0.020000, 50.000000, 16.771469, 0.070796, 58.000000, 13.583747, 0.061947, 63.000000, 14.030139, 0.061947, 63.000000, 14.060256, 0.061947
0.040000, 50.000000, 16.623418, 0.070796, 58.000000, 13.373866, 0.061947, 63.000000, 14.062869, 0.061947, 63.000000, 14.081934, 0.061947
0.060000, 50.000000, 16.652858, 0.070796, 58.000000, 13.373959, 0.061947, 63.000000, 14.055529, 0.061947, 63.000000, 14.060719, 0.061947
0.080000, 50.000000, 16.571510, 0.070796, 58.000000, 13.392527, 0.061947, 63.000000, 14.011772, 0.061947, 63.000000, 14.038941, 0.061947
0.100000, 50.000000, 16.650652, 0.070796, 58.000000, 13.386806, 0.061947, 63.000000, 14.015188, 0.061947, 63.000000, 14.073568, 0.061947
0.120000, 50.000000, 16.692619, 0.070796, 58.000000, 13.345936, 0.061947, 63.000000, 14.069135, 0.061947, 63.000000, 13.999240, 0.061947
0.140000, 50.000000, 16.593771, 0.070796, 58.000000, 13.376474, 0.061947, 63.000000, 14.043522, 0.061947, 63.000000, 14.140464, 0.061947
0.160000, 50.000000, 16.514521, 0.070796, 58.000000, 13.411597, 0.061947, 63.000000, 14.020792, 0.061947, 63.000000, 14.066769, 0.061947
0.180000, 50.000000, 16.648469, 0.070796, 58.000000, 13.390963, 0.061947, 63.000000, 14.041790, 0.061947, 63.000000, 14.069805, 0.061947
0.200000, 50.000000, 16.654023, 0.070796, 58.000000, 13.283082, 0.061947, 63.000000, 14.000715, 0.061947, 63.000000, 13.999536, 0.061947
0.220000, 50.000000, 16.571636, 0.070796, 58.000000, 13.332194, 0.061947, 63.000000, 14.043417, 0.061947, 63.000000, 14.005245, 0.061947
0.240000, 50.000000, 16.626865, 0.070796, 58.000000, 13.286246, 0.061947, 63.000000, 14.021070, 0.061947, 63.000000, 14.040656, 0.061947
0.260000, 50.000000, 16.470726, 0.070796, 58.000000, 13.290440, 0.061947, 63.000000, 14.098800, 0.061947, 63.000000, 14.017707, 0.061947
0.280000, 50.000000, 16.452595, 0.070796, 58.000000, 13.305861, 0.061947, 63.000000, 14.000889, 0.061947, 63.000000, 13.979159, 0.061947
0.300000, 50.000000, 16.589193, 0.070796, 58.000000, 13.300538, 0.061947, 63.000000, 13.978670, 0.061947, 63.000000, 13.986014, 0.061947
0.320000, 50.000000, 16.571676, 0.070796, 58.000000, 13.324005, 0.061947, 63.000000, 13.967777, 0.061947, 63.000000, 13.965853, 0.061947
0.340000, 50.000000, 16.644162, 0.070796, 58.000000, 13.234788, 0.061947, 63.000000, 14.007808, 0.061947, 63.000000, 14.018382, 0.061947
0.360000, 50.000000, 16.611756, 0.070796, 58.000000, 13.243145, 0.061947, 63.000000, 13.936087, 0.061947, 63.000000, 14.064235, 0.061947
0.380000, 50.000000, 16.541993, 0.070796, 58.000000, 13.182369, 0.061947, 63.000000, 13.983507, 0.061947, 63.000000, 13.966700, 0.061947
0.400000, 50.000000, 16.556674, 0.070796, 58.000000, 13.209158, 0.061947, 63.000000, 13.925256, 0.061947, 63.000000, 13.914118, 0.061947
0.420000, 50.000000, 16.528962, 0.070796, 58.000000, 13.244987, 0.061947, 63.000000, 13.890375, 0.061947, 63.000000, 13.897792, 0.061947
0.440000, 50.000000, 16.549457, 0.070796, 58.000000, 13.197540, 0.061947, 63.000000, 13.878764, 0.061947, 63.000000, 13.892160, 0.061947
0.460000, 50.000000, 16.420696, 0.070796, 58.000000, 13.217758, 0.061947, 63.000000, 13.927138, 0.061947, 63.000000, 13.838565, 0.061947
0.480000, 50.000000, 16.420314, 0.070796, 58.000000, 13.184161, 0.061947, 63.000000, 13.857651, 0.061947, 63.000000, 13.891938, 0.061947
0.500000, 50.000000, 16.442240, 0.070796, 58.000000, 13.134144, 0.061947, 63.000000, 13.833431, 0.061947, 63.000000, 13.874621, 0.061947
0.520000, 50.000000, 16.359444, 0.070796, 58.000000, 13.118330, 0.061947, 63.000000, 13.799479, 0.061947, 63.000000, 13.812320, 0.061947
0.540000, 50.000000, 16.623967, 0.070796, 58.000000, 13.121991, 0.061947, 63.000000, 13.824596, 0.061947, 63.000000, 13.866032, 0.061947
0.560000, 50.000000, 16.549510, 0.070796, 58.000000, 13.038052, 0.061947, 63.000000, 13.745549, 0.061947, 63.000000, 13.793000, 0.061947
0.580000, 50.000000, 16.389102, 0.070796, 58.000000, 12.988122, 0.061947, 63.000000, 13.766992, 0.061947, 63.000000, 13.792119, 0.061947
0.600000, 50.000000, 16.277990, 0.070796, 58.000000, 12.991341, 0.061947, 63.000000, 13.695257, 0.061947, 63.000000, 13.692452, 0.061947
0.620000, 50.000000, 16.295240, 0.070796, 69.000000, 12.899882, 0.079646, 63.000000, 13.679911, 0.061947, 63.000000, 13.680338, 0.061947
0.640000, 50.000000, 16.378167, 0.070796, 77.000000, 12.890882, 0.079646, 66.000000, 13.522769, 0.061947, 66.000000, 13.527415, 0.061947
0.660000, 51.000000, 16.758174, 0.070796, 83.000000, 12.788646, 0.079646, 67.000000, 13.509100, 0.061947, 67.000000, 13.486125, 0.061947
0.680000, 55.000000, 16.009383, 0.070796, 96.000000, 12.630540, 0.079646, 73.000000, 13.227202, 0.070796, 73.000000, 13.262983, 0.070796
0.700000, 59.000000, 15.743913, 0.070796, 105.000000, 12.523780, 0.079646, 78.000000, 13.107459, 0.070796, 78.000000, 13.124316, 0.070796
0.720000, 63.000000, 15.624471, 0.079646, 115.000000, 12.390129, 0.079646, 80.000000, 12.952562, 0.070796, 80.000000, 13.030252, 0.070796
0.740000, 68.000000, 15.483199, 0.079646, 125.000000, 12.175719, 0.079646, 86.000000, 12.886518, 0.070796, 86.000000, 12.852797, 0.070796
0.760000, 70.000000, 15.459506, 0.079646, 148.000000, 11.958665, 0.088496, 92.000000, 12.705746, 0.070796, 92.000000, 12.807753, 0.070796
0.780000, 71.000000, 15.416204, 0.079646, 164.000000, 11.696722, 0.088496, 103.000000, 12.586196, 0.070796, 103.000000, 12.553643, 0.070796
0.800000, 80.000000, 15.175934, 0.079646, 205.000000, 11.056551, 0.079646, 121.000000, 12.371487, 0.070796, 121.000000, 12.282573, 0.070796
0.820000, 86.000000, 15.026259, 0.079646, 231.000000, 10.526739, 0.079646, 144.000000, 12.044622, 0.088496, 144.000000, 12.025652, 0.088496
0.840000, 108.000000, 14.658333, 0.070796, 267.000000, 9.615768, 0.079646, 181.000000, 11.433748, 0.070796, 181.000000, 11.423043, 0.070796
0.860000, 122.000000, 14.296366, 0.079646, 311.000000, 8.123556, 0.079646, 240.000000, 10.225018, 0.053097, 240.000000, 10.268962, 0.053097
0.880000, 164.000000, 13.338739, 0.079646, 354.000000, 6.355754, 0.053097, 297.000000, 8.593848, 0.061947, 297.000000, 8.633984, 0.061947
0.900000, 220.000000, 11.596437, 0.061947, 402.000000, 3.770666, 0.053097, 364.000000, 5.856441, 0.061947, 364.000000, 5.849983, 0.061947
0.920000, 293.000000, 9.131559, 0.061947, 440.000000, 1.265407, 0.053097, 430.000000, 1.961902, 0.044248, 430.000000, 1.957442, 0.044248
0.940000, 456.000000, 0.078040, 0.053097, 456.000000, 0.076015, 0.053097, 456.000000, 0.076283, 0.053097, 456.000000, 0.076235, 0.053097
0.960000, 456.000000, 0.079510, 0.053097, 456.000000, 0.076043, 0.053097, 456.000000, 0.076561, 0.053097, 456.000000, 0.076271, 0.053097
0.980000, 456.000000, 0.081928, 0.053097, 456.000000, 0.075761, 0.053097, 456.000000, 0.076550, 0.053097, 456.000000, 0.076495, 0.053097
