Teta = 0 
simi thres, No hyperboxes Short simi, Training time Short simi, Testing error Short simi, No hyperboxes Long simi, Training time Long simi, Testing error Long simi,                                 No hyperboxes Mid max simi, Training time Mid max simi, Testing error Mid max simi,                                No hyperboxes Mid min simi, Training time Mid min simi, Testing error Mid min simi 
0.020000, 14.000000, 2.255784, 0.000000, 13.000000, 2.288205, 0.000000, 13.000000, 2.196834, 0.000000, 13.000000, 2.206981, 0.000000
0.040000, 14.000000, 2.252080, 0.000000, 13.000000, 2.292858, 0.000000, 13.000000, 2.201370, 0.000000, 13.000000, 2.197627, 0.000000
0.060000, 14.000000, 2.266312, 0.000000, 13.000000, 2.281735, 0.000000, 13.000000, 2.199991, 0.000000, 13.000000, 2.211564, 0.000000
0.080000, 14.000000, 2.254654, 0.000000, 13.000000, 2.278874, 0.000000, 13.000000, 2.199195, 0.000000, 13.000000, 2.209932, 0.000000
0.100000, 14.000000, 2.247718, 0.000000, 13.000000, 2.281767, 0.000000, 13.000000, 2.191996, 0.000000, 13.000000, 2.199643, 0.000000
0.120000, 14.000000, 2.243388, 0.000000, 13.000000, 2.274011, 0.000000, 13.000000, 2.203666, 0.000000, 13.000000, 2.192416, 0.000000
0.140000, 14.000000, 2.243645, 0.000000, 13.000000, 2.276821, 0.000000, 13.000000, 2.200582, 0.000000, 13.000000, 2.222156, 0.000000
0.160000, 14.000000, 2.234115, 0.000000, 13.000000, 2.264048, 0.000000, 13.000000, 2.199854, 0.000000, 13.000000, 2.199783, 0.000000
0.180000, 14.000000, 2.237180, 0.000000, 13.000000, 2.289740, 0.000000, 13.000000, 2.202726, 0.000000, 13.000000, 2.204991, 0.000000
0.200000, 14.000000, 2.246247, 0.000000, 13.000000, 2.274882, 0.000000, 13.000000, 2.199610, 0.000000, 13.000000, 2.214103, 0.000000
0.220000, 14.000000, 2.247508, 0.000000, 13.000000, 2.282143, 0.000000, 13.000000, 2.194100, 0.000000, 13.000000, 2.209701, 0.000000
0.240000, 14.000000, 2.245290, 0.000000, 13.000000, 2.278996, 0.000000, 13.000000, 2.202090, 0.000000, 13.000000, 2.197474, 0.000000
0.260000, 14.000000, 2.234288, 0.000000, 13.000000, 2.279327, 0.000000, 13.000000, 2.199549, 0.000000, 13.000000, 2.207809, 0.000000
0.280000, 14.000000, 2.252532, 0.000000, 13.000000, 2.270013, 0.000000, 13.000000, 2.198307, 0.000000, 13.000000, 2.205032, 0.000000
0.300000, 14.000000, 2.242564, 0.000000, 13.000000, 2.277923, 0.000000, 13.000000, 2.199287, 0.000000, 13.000000, 2.216404, 0.000000
0.320000, 14.000000, 2.247284, 0.000000, 13.000000, 2.294940, 0.000000, 13.000000, 2.200499, 0.000000, 13.000000, 2.198139, 0.000000
0.340000, 14.000000, 2.246806, 0.000000, 13.000000, 2.279652, 0.000000, 13.000000, 2.194900, 0.000000, 13.000000, 2.193008, 0.000000
0.360000, 14.000000, 2.242253, 0.000000, 13.000000, 2.279020, 0.000000, 13.000000, 2.198031, 0.000000, 13.000000, 2.190353, 0.000000
0.380000, 14.000000, 2.241948, 0.000000, 13.000000, 2.269383, 0.000000, 13.000000, 2.188169, 0.000000, 13.000000, 2.191333, 0.000000
0.400000, 14.000000, 2.260644, 0.000000, 13.000000, 2.270921, 0.000000, 13.000000, 2.201092, 0.000000, 13.000000, 2.211688, 0.000000
0.420000, 14.000000, 2.243814, 0.000000, 13.000000, 2.305199, 0.000000, 13.000000, 2.206431, 0.000000, 13.000000, 2.208160, 0.000000
0.440000, 14.000000, 2.243124, 0.000000, 13.000000, 2.281082, 0.000000, 13.000000, 2.191568, 0.000000, 13.000000, 2.201557, 0.000000
0.460000, 14.000000, 2.259389, 0.000000, 13.000000, 2.285788, 0.000000, 13.000000, 2.201789, 0.000000, 13.000000, 2.219420, 0.000000
0.480000, 14.000000, 2.245582, 0.000000, 13.000000, 2.284920, 0.000000, 13.000000, 2.198444, 0.000000, 13.000000, 2.201248, 0.000000
0.500000, 14.000000, 2.237424, 0.000000, 13.000000, 2.297320, 0.000000, 13.000000, 2.202942, 0.000000, 13.000000, 2.220235, 0.000000
0.520000, 14.000000, 2.244282, 0.000000, 13.000000, 2.278706, 0.000000, 13.000000, 2.205323, 0.000000, 13.000000, 2.194508, 0.000000
0.540000, 14.000000, 2.244692, 0.000000, 13.000000, 2.279410, 0.000000, 13.000000, 2.198814, 0.000000, 13.000000, 2.195391, 0.000000
0.560000, 14.000000, 2.248703, 0.000000, 13.000000, 2.274668, 0.000000, 13.000000, 2.202622, 0.000000, 13.000000, 2.215863, 0.000000
0.580000, 14.000000, 2.246591, 0.000000, 13.000000, 2.269876, 0.000000, 13.000000, 2.203482, 0.000000, 13.000000, 2.200056, 0.000000
0.600000, 14.000000, 2.245542, 0.000000, 13.000000, 2.275556, 0.000000, 13.000000, 2.203918, 0.000000, 13.000000, 2.203031, 0.000000
0.620000, 14.000000, 2.246188, 0.000000, 13.000000, 2.275991, 0.000000, 13.000000, 2.191907, 0.000000, 13.000000, 2.209141, 0.000000
0.640000, 14.000000, 2.250169, 0.000000, 13.000000, 2.269208, 0.000000, 13.000000, 2.203847, 0.000000, 13.000000, 2.196153, 0.000000
0.660000, 14.000000, 2.248354, 0.000000, 13.000000, 2.274338, 0.000000, 13.000000, 2.207404, 0.000000, 13.000000, 2.193070, 0.000000
0.680000, 14.000000, 2.247823, 0.000000, 13.000000, 2.273333, 0.000000, 13.000000, 2.202918, 0.000000, 13.000000, 2.199526, 0.000000
0.700000, 14.000000, 2.246362, 0.000000, 13.000000, 2.265911, 0.000000, 13.000000, 2.190265, 0.000000, 13.000000, 2.201998, 0.000000
0.720000, 14.000000, 2.246652, 0.000000, 13.000000, 2.303755, 0.000000, 13.000000, 2.197501, 0.000000, 13.000000, 2.199568, 0.000000
0.740000, 14.000000, 2.242512, 0.000000, 13.000000, 2.276449, 0.000000, 13.000000, 2.195278, 0.000000, 13.000000, 2.198226, 0.000000
0.760000, 14.000000, 2.246502, 0.000000, 13.000000, 2.267739, 0.000000, 13.000000, 2.193683, 0.000000, 13.000000, 2.193184, 0.000000
0.780000, 14.000000, 2.246898, 0.000000, 13.000000, 2.280456, 0.000000, 13.000000, 2.198998, 0.000000, 13.000000, 2.189457, 0.000000
0.800000, 14.000000, 2.248550, 0.000000, 13.000000, 2.275844, 0.000000, 13.000000, 2.194008, 0.000000, 13.000000, 2.189788, 0.000000
0.820000, 14.000000, 2.252337, 0.000000, 16.000000, 2.273187, 0.000000, 13.000000, 2.197112, 0.000000, 13.000000, 2.201185, 0.000000
0.840000, 14.000000, 2.258044, 0.000000, 20.000000, 2.280706, 0.000000, 13.000000, 2.189725, 0.000000, 13.000000, 2.209381, 0.000000
0.860000, 14.000000, 2.244367, 0.000000, 27.000000, 2.260189, 0.000000, 15.000000, 2.194141, 0.000000, 15.000000, 2.203848, 0.000000
0.880000, 14.000000, 2.250680, 0.000000, 36.000000, 2.244248, 0.000000, 20.000000, 2.180432, 0.000000, 20.000000, 2.179205, 0.000000
0.900000, 14.000000, 2.232659, 0.000000, 44.000000, 2.219071, 0.000000, 27.000000, 2.163520, 0.000000, 27.000000, 2.154966, 0.000000
0.920000, 14.000000, 2.227184, 0.000000, 56.000000, 2.198738, 0.000000, 31.000000, 2.151694, 0.000000, 31.000000, 2.159011, 0.000000
0.940000, 14.000000, 2.216160, 0.000000, 79.000000, 2.127232, 0.000000, 49.000000, 2.108936, 0.000000, 49.000000, 2.112149, 0.000000
0.960000, 14.000000, 2.207138, 0.000000, 119.000000, 2.007925, 0.000000, 85.000000, 2.020157, 0.000000, 85.000000, 2.023885, 0.000000
0.980000, 34.000000, 2.171201, 0.000000, 221.000000, 1.531551, 0.000000, 188.000000, 1.619022, 0.000000, 188.000000, 1.598841, 0.000000
