Teta = 0 
simi thres, No hyperboxes Short simi, Training time Short simi, Testing error Short simi, No hyperboxes Long simi, Training time Long simi, Testing error Long simi,                                 No hyperboxes Mid max simi, Training time Mid max simi, Testing error Mid max simi,                                No hyperboxes Mid min simi, Training time Mid min simi, Testing error Mid min simi 
0.020000, 33.000000, 0.617698, 0.232558, 34.000000, 0.574511, 0.348837, 34.000000, 0.588245, 0.279070, 34.000000, 0.589338, 0.279070
0.040000, 33.000000, 0.614835, 0.232558, 34.000000, 0.573136, 0.372093, 34.000000, 0.601369, 0.279070, 34.000000, 0.604033, 0.279070
0.060000, 33.000000, 0.615311, 0.232558, 34.000000, 0.574711, 0.372093, 34.000000, 0.598788, 0.279070, 34.000000, 0.602315, 0.279070
0.080000, 33.000000, 0.615948, 0.232558, 34.000000, 0.574320, 0.372093, 34.000000, 0.601435, 0.279070, 34.000000, 0.603690, 0.279070
0.100000, 33.000000, 0.613702, 0.232558, 34.000000, 0.573834, 0.348837, 34.000000, 0.608388, 0.279070, 34.000000, 0.602921, 0.279070
0.120000, 33.000000, 0.616253, 0.232558, 34.000000, 0.576082, 0.348837, 34.000000, 0.606895, 0.279070, 34.000000, 0.599823, 0.279070
0.140000, 33.000000, 0.613488, 0.232558, 34.000000, 0.573440, 0.348837, 34.000000, 0.602556, 0.279070, 34.000000, 0.600212, 0.279070
0.160000, 33.000000, 0.612227, 0.232558, 34.000000, 0.576880, 0.372093, 34.000000, 0.605967, 0.279070, 34.000000, 0.600110, 0.279070
0.180000, 33.000000, 0.612788, 0.232558, 34.000000, 0.574410, 0.372093, 34.000000, 0.596161, 0.279070, 34.000000, 0.588962, 0.279070
0.200000, 33.000000, 0.611865, 0.232558, 34.000000, 0.573798, 0.348837, 33.000000, 0.587873, 0.325581, 33.000000, 0.583176, 0.325581
0.220000, 33.000000, 0.612418, 0.232558, 34.000000, 0.604430, 0.372093, 34.000000, 0.593781, 0.279070, 34.000000, 0.586336, 0.279070
0.240000, 33.000000, 0.613066, 0.232558, 34.000000, 0.578229, 0.348837, 34.000000, 0.588502, 0.302326, 34.000000, 0.588600, 0.302326
0.260000, 33.000000, 0.613753, 0.232558, 34.000000, 0.588001, 0.348837, 33.000000, 0.583212, 0.325581, 33.000000, 0.581915, 0.325581
0.280000, 33.000000, 0.609883, 0.232558, 34.000000, 0.592102, 0.348837, 34.000000, 0.589031, 0.279070, 34.000000, 0.585522, 0.279070
0.300000, 33.000000, 0.612778, 0.232558, 34.000000, 0.612075, 0.372093, 34.000000, 0.601064, 0.279070, 34.000000, 0.599047, 0.279070
0.320000, 33.000000, 0.613440, 0.232558, 34.000000, 0.571676, 0.372093, 33.000000, 0.584039, 0.325581, 33.000000, 0.581862, 0.325581
0.340000, 33.000000, 0.610905, 0.232558, 34.000000, 0.569560, 0.348837, 34.000000, 0.592712, 0.302326, 34.000000, 0.586546, 0.302326
0.360000, 33.000000, 0.611457, 0.232558, 34.000000, 0.569186, 0.348837, 33.000000, 0.583955, 0.325581, 33.000000, 0.580593, 0.325581
0.380000, 33.000000, 0.609884, 0.232558, 34.000000, 0.568310, 0.348837, 34.000000, 0.599990, 0.279070, 34.000000, 0.598060, 0.279070
0.400000, 33.000000, 0.605527, 0.232558, 34.000000, 0.568079, 0.348837, 33.000000, 0.582662, 0.325581, 33.000000, 0.582587, 0.325581
0.420000, 33.000000, 0.607990, 0.232558, 34.000000, 0.569655, 0.348837, 33.000000, 0.583114, 0.325581, 33.000000, 0.581666, 0.325581
0.440000, 33.000000, 0.607165, 0.232558, 34.000000, 0.569810, 0.372093, 33.000000, 0.583864, 0.325581, 33.000000, 0.581669, 0.325581
0.460000, 33.000000, 0.605828, 0.232558, 34.000000, 0.569486, 0.372093, 34.000000, 0.587159, 0.279070, 34.000000, 0.584929, 0.279070
0.480000, 33.000000, 0.604723, 0.232558, 34.000000, 0.568046, 0.372093, 33.000000, 0.579704, 0.325581, 33.000000, 0.579086, 0.325581
0.500000, 33.000000, 0.606184, 0.232558, 34.000000, 0.573198, 0.348837, 33.000000, 0.582024, 0.325581, 33.000000, 0.579398, 0.325581
0.520000, 33.000000, 0.605710, 0.232558, 34.000000, 0.565239, 0.372093, 34.000000, 0.596586, 0.279070, 34.000000, 0.594129, 0.279070
0.540000, 33.000000, 0.605399, 0.232558, 34.000000, 0.569208, 0.372093, 34.000000, 0.594783, 0.279070, 34.000000, 0.592759, 0.279070
0.560000, 33.000000, 0.605925, 0.232558, 34.000000, 0.568391, 0.372093, 34.000000, 0.594498, 0.279070, 34.000000, 0.595932, 0.279070
0.580000, 33.000000, 0.604581, 0.232558, 34.000000, 0.565711, 0.348837, 33.000000, 0.575892, 0.325581, 33.000000, 0.574337, 0.325581
0.600000, 33.000000, 0.603626, 0.232558, 34.000000, 0.566430, 0.348837, 33.000000, 0.574719, 0.325581, 33.000000, 0.573667, 0.325581
0.620000, 33.000000, 0.602487, 0.232558, 35.000000, 0.562922, 0.348837, 35.000000, 0.587942, 0.279070, 35.000000, 0.587253, 0.279070
0.640000, 34.000000, 0.595614, 0.232558, 38.000000, 0.554192, 0.302326, 35.000000, 0.570971, 0.325581, 35.000000, 0.568144, 0.325581
0.660000, 35.000000, 0.595396, 0.232558, 38.000000, 0.554960, 0.302326, 37.000000, 0.580326, 0.279070, 37.000000, 0.579055, 0.279070
0.680000, 35.000000, 0.602176, 0.232558, 42.000000, 0.544697, 0.279070, 38.000000, 0.560368, 0.325581, 38.000000, 0.559459, 0.325581
0.700000, 38.000000, 0.589905, 0.232558, 46.000000, 0.534099, 0.325581, 39.000000, 0.558247, 0.325581, 39.000000, 0.551852, 0.325581
0.720000, 38.000000, 0.591644, 0.232558, 48.000000, 0.532404, 0.325581, 42.000000, 0.563623, 0.325581, 42.000000, 0.563313, 0.325581
0.740000, 38.000000, 0.591125, 0.232558, 50.000000, 0.519938, 0.395349, 43.000000, 0.560801, 0.325581, 43.000000, 0.560275, 0.325581
0.760000, 39.000000, 0.585120, 0.232558, 52.000000, 0.516169, 0.395349, 47.000000, 0.547394, 0.325581, 47.000000, 0.547661, 0.325581
0.780000, 41.000000, 0.579567, 0.232558, 54.000000, 0.512290, 0.395349, 52.000000, 0.532764, 0.348837, 52.000000, 0.529074, 0.348837
0.800000, 42.000000, 0.567808, 0.232558, 61.000000, 0.494525, 0.302326, 54.000000, 0.517525, 0.348837, 54.000000, 0.513919, 0.348837
0.820000, 43.000000, 0.570573, 0.232558, 67.000000, 0.477172, 0.348837, 59.000000, 0.510798, 0.348837, 59.000000, 0.497928, 0.348837
0.840000, 46.000000, 0.579714, 0.255814, 72.000000, 0.466390, 0.348837, 63.000000, 0.489993, 0.395349, 63.000000, 0.485738, 0.395349
0.860000, 47.000000, 0.553142, 0.255814, 79.000000, 0.441334, 0.302326, 66.000000, 0.481435, 0.395349, 66.000000, 0.481396, 0.395349
0.880000, 58.000000, 0.535410, 0.279070, 88.000000, 0.418622, 0.325581, 80.000000, 0.450971, 0.372093, 80.000000, 0.449364, 0.372093
0.900000, 65.000000, 0.507548, 0.302326, 96.000000, 0.389708, 0.302326, 88.000000, 0.423702, 0.325581, 88.000000, 0.422931, 0.325581
0.920000, 83.000000, 0.457039, 0.348837, 115.000000, 0.315120, 0.279070, 102.000000, 0.373320, 0.279070, 102.000000, 0.375124, 0.279070
0.940000, 106.000000, 0.381091, 0.372093, 128.000000, 0.265587, 0.348837, 121.000000, 0.302718, 0.325581, 121.000000, 0.302826, 0.325581
0.960000, 131.000000, 0.266756, 0.348837, 147.000000, 0.165676, 0.348837, 144.000000, 0.184275, 0.348837, 144.000000, 0.183905, 0.348837
0.980000, 162.000000, 0.073617, 0.348837, 166.000000, 0.044569, 0.348837, 166.000000, 0.044925, 0.348837, 166.000000, 0.044919, 0.348837
