Teta = 0 
simi thres, No hyperboxes Short simi, Training time Short simi, Testing error Short simi, No hyperboxes Long simi, Training time Long simi, Testing error Long simi,                                 No hyperboxes Mid max simi, Training time Mid max simi, Testing error Mid max simi,                                No hyperboxes Mid min simi, Training time Mid min simi, Testing error Mid min simi 
0.020000, 101.000000, 174.585147, 0.045455, 104.000000, 112.486417, 0.041126, 106.000000, 130.657811, 0.034632, 106.000000, 125.619845, 0.034632
0.040000, 101.000000, 174.422469, 0.045455, 105.000000, 113.835798, 0.038961, 106.000000, 160.021871, 0.036797, 108.000000, 126.117504, 0.025974
0.060000, 102.000000, 175.340361, 0.045455, 104.000000, 111.770084, 0.041126, 108.000000, 132.917552, 0.025974, 106.000000, 125.123653, 0.030303
0.080000, 101.000000, 173.884194, 0.045455, 105.000000, 111.683197, 0.041126, 108.000000, 128.761669, 0.025974, 108.000000, 125.430275, 0.028139
0.100000, 100.000000, 173.664539, 0.045455, 106.000000, 112.619872, 0.038961, 106.000000, 128.198688, 0.030303, 108.000000, 125.233946, 0.028139
0.120000, 101.000000, 173.697200, 0.045455, 106.000000, 112.691110, 0.038961, 105.000000, 125.952682, 0.034632, 107.000000, 127.595124, 0.030303
0.140000, 101.000000, 173.857246, 0.045455, 106.000000, 111.984278, 0.041126, 105.000000, 126.084623, 0.034632, 107.000000, 125.128460, 0.028139
0.160000, 101.000000, 166.383378, 0.045455, 105.000000, 111.231655, 0.038961, 106.000000, 9457.588565, 0.030303, 108.000000, 125.022209, 0.028139
0.180000, 102.000000, 163.961108, 0.045455, 104.000000, 110.871242, 0.036797, 107.000000, 124.806986, 0.025974, 107.000000, 124.755549, 0.025974
0.200000, 100.000000, 163.579836, 0.045455, 106.000000, 111.875887, 0.038961, 108.000000, 126.189239, 0.036797, 108.000000, 125.090059, 0.036797
0.220000, 102.000000, 164.050050, 0.045455, 105.000000, 111.127060, 0.041126, 106.000000, 125.680534, 0.028139, 106.000000, 125.041180, 0.028139
0.240000, 102.000000, 187.840710, 0.045455, 105.000000, 111.569006, 0.041126, 106.000000, 125.129645, 0.030303, 106.000000, 124.708769, 0.030303
0.260000, 102.000000, 195.387450, 0.045455, 104.000000, 110.895473, 0.041126, 108.000000, 124.864601, 0.030303, 108.000000, 124.509255, 0.030303
0.280000, 102.000000, 174.490988, 0.045455, 105.000000, 110.635412, 0.043290, 108.000000, 124.437029, 0.030303, 108.000000, 124.867848, 0.030303
0.300000, 102.000000, 174.814456, 0.045455, 105.000000, 110.732959, 0.038961, 106.000000, 123.925504, 0.025974, 106.000000, 123.367216, 0.025974
0.320000, 101.000000, 174.980641, 0.045455, 105.000000, 110.171970, 0.036797, 106.000000, 124.622306, 0.030303, 106.000000, 124.006363, 0.030303
0.340000, 102.000000, 174.570930, 0.043290, 104.000000, 109.804091, 0.041126, 107.000000, 124.902418, 0.036797, 107.000000, 124.467791, 0.036797
0.360000, 101.000000, 174.159949, 0.043290, 106.000000, 110.565595, 0.038961, 108.000000, 123.357806, 0.028139, 108.000000, 122.228344, 0.028139
0.380000, 101.000000, 173.416339, 0.045455, 105.000000, 110.700385, 0.038961, 108.000000, 124.991894, 0.034632, 108.000000, 124.861691, 0.034632
0.400000, 102.000000, 173.004962, 0.045455, 106.000000, 110.055134, 0.038961, 107.000000, 123.352302, 0.034632, 107.000000, 122.536092, 0.034632
0.420000, 102.000000, 174.274886, 0.043290, 106.000000, 134.059595, 0.041126, 105.000000, 123.561520, 0.036797, 105.000000, 123.500328, 0.036797
0.440000, 101.000000, 172.483917, 0.043290, 104.000000, 125.311929, 0.038961, 108.000000, 122.824442, 0.028139, 108.000000, 123.236253, 0.028139
0.460000, 102.000000, 171.981039, 0.043290, 106.000000, 109.388319, 0.038961, 106.000000, 123.590641, 0.030303, 106.000000, 123.389837, 0.030303
0.480000, 103.000000, 171.695869, 0.045455, 103.000000, 109.536499, 0.038961, 108.000000, 123.511196, 0.034632, 108.000000, 123.250515, 0.034632
0.500000, 101.000000, 171.301511, 0.043290, 104.000000, 109.255920, 0.036797, 105.000000, 123.196905, 0.034632, 105.000000, 122.855478, 0.034632
0.520000, 101.000000, 171.679987, 0.045455, 106.000000, 108.729522, 0.041126, 108.000000, 122.261460, 0.030303, 108.000000, 122.516701, 0.030303
0.540000, 102.000000, 170.468046, 0.041126, 105.000000, 108.142747, 0.041126, 106.000000, 122.137265, 0.030303, 106.000000, 121.088944, 0.030303
0.560000, 102.000000, 169.608911, 0.043290, 104.000000, 108.080673, 0.038961, 107.000000, 121.894140, 0.030303, 107.000000, 121.800928, 0.030303
0.580000, 102.000000, 170.499989, 0.045455, 104.000000, 108.099917, 0.041126, 108.000000, 120.983309, 0.034632, 108.000000, 121.007685, 0.034632
0.600000, 102.000000, 170.645633, 0.043290, 105.000000, 107.797746, 0.041126, 105.000000, 120.682811, 0.032468, 105.000000, 121.728421, 0.032468
0.620000, 101.000000, 169.039754, 0.043290, 117.000000, 107.522606, 0.041126, 106.000000, 120.077288, 0.030303, 106.000000, 121.252369, 0.030303
0.640000, 102.000000, 170.194589, 0.043290, 126.000000, 106.581089, 0.038961, 111.000000, 120.072295, 0.034632, 111.000000, 120.442448, 0.034632
0.660000, 107.000000, 168.104417, 0.041126, 138.000000, 106.533740, 0.043290, 116.000000, 119.072091, 0.036797, 116.000000, 120.471399, 0.036797
0.680000, 133.000000, 168.346849, 0.043290, 185.000000, 106.221520, 0.038961, 149.000000, 118.640886, 0.034632, 149.000000, 119.520079, 0.034632
0.700000, 132.000000, 167.311430, 0.043290, 206.000000, 105.636583, 0.041126, 157.000000, 117.867482, 0.030303, 157.000000, 118.486340, 0.030303
0.720000, 139.000000, 166.629620, 0.043290, 224.000000, 104.827328, 0.051948, 163.000000, 118.200241, 0.032468, 163.000000, 119.272476, 0.032468
0.740000, 140.000000, 164.962202, 0.043290, 251.000000, 104.299987, 0.049784, 173.000000, 118.888202, 0.034632, 173.000000, 117.895938, 0.034632
0.760000, 150.000000, 163.824777, 0.045455, 284.000000, 104.195574, 0.047619, 185.000000, 116.249463, 0.034632, 185.000000, 117.153023, 0.034632
0.780000, 152.000000, 164.151137, 0.045455, 308.000000, 103.327481, 0.051948, 199.000000, 116.856964, 0.034632, 199.000000, 117.504711, 0.034632
0.800000, 156.000000, 165.173282, 0.045455, 346.000000, 102.638051, 0.054113, 222.000000, 127.971968, 0.045455, 222.000000, 116.580996, 0.045455
0.820000, 165.000000, 164.412389, 0.047619, 388.000000, 101.661544, 0.051948, 252.000000, 138.973303, 0.043290, 252.000000, 115.994242, 0.043290
0.840000, 181.000000, 161.944478, 0.043290, 439.000000, 100.290455, 0.045455, 297.000000, 116.667370, 0.034632, 297.000000, 115.228072, 0.034632
0.860000, 192.000000, 163.410002, 0.043290, 506.000000, 98.213279, 0.043290, 350.000000, 114.539632, 0.034632, 350.000000, 113.394441, 0.034632
0.880000, 223.000000, 160.882480, 0.047619, 611.000000, 94.912431, 0.038961, 432.000000, 113.405861, 0.047619, 432.000000, 112.002610, 0.047619
0.900000, 250.000000, 159.732921, 0.049784, 729.000000, 90.192068, 0.043290, 572.000000, 108.078817, 0.047619, 572.000000, 107.006696, 0.047619
0.920000, 317.000000, 158.817488, 0.049784, 877.000000, 84.386795, 0.038961, 743.000000, 100.484499, 0.045455, 743.000000, 99.593297, 0.045455
0.940000, 498.000000, 152.377497, 0.064935, 1077.000000, 71.773445, 0.043290, 990.000000, 86.788560, 0.043290, 990.000000, 85.886417, 0.043290
0.960000, 930.000000, 122.220766, 0.045455, 1353.000000, 52.320512, 0.043290, 1300.000000, 60.340231, 0.043290, 1300.000000, 60.369547, 0.043290
0.980000, 1575.000000, 27.742770, 0.043290, 1618.000000, 16.943717, 0.043290, 1612.000000, 18.438483, 0.043290, 1612.000000, 18.550348, 0.043290
